Dimension>17
Bandera>10
Fitness Greedy Costo>173.28
Solucion Greedy Costo>1 2 3 4 0 7 8 9 0 5 6 0 0 0 0 0 0 
Linea Vacia>
Matriz de Costos>
0 11.72 21.73 30.86 30.13 31.1 36.44 24.99 25.58 
9.9 0 14.5 23.66 28.26 32.05 37.39 35.78 36.37 
22.99 15.1 0 8.54 14.38 20.72 26.23 33.79 41.54 
27.96 20.08 7.19 0 12.29 18.89 24.15 35.31 41.58 
29.72 29.45 16.87 11.32 0 8.43 11.96 30.36 40.52 
32.4 32.64 25.56 19.81 10.17 0 7.15 22 35.45 
34.8 35.72 25.75 19.3 9.4 7.62 0 27.8 40.33 
26.95 36.64 35.98 34.07 30.07 23.42 27.89 0 13.93 
25.62 35.31 39.13 41.53 40.23 35.44 44.24 13.97 0 
Dimension>17
Bandera>10
Fitness Greedy Costo>173.28
Solucion Greedy Costo>1 2 3 4 0 7 8 9 0 5 6 0 0 0 0 0 0 
Linea Vacia>
Matriz de Costos>
0 11.72 21.73 30.86 30.13 31.1 36.44 24.99 25.58 
9.9 0 14.5 23.66 28.26 32.05 37.39 35.78 36.37 
22.99 15.1 0 8.54 14.38 20.72 26.23 33.79 41.54 
27.96 20.08 7.19 0 12.29 18.89 24.15 35.31 41.58 
29.72 29.45 16.87 11.32 0 8.43 11.96 30.36 40.52 
32.4 32.64 25.56 19.81 10.17 0 7.15 22 35.45 
34.8 35.72 25.75 19.3 9.4 7.62 0 27.8 40.33 
26.95 36.64 35.98 34.07 30.07 23.42 27.89 0 13.93 
25.62 35.31 39.13 41.53 40.23 35.44 44.24 13.97 0 
Dimension>17
Bandera>10
Fitness Greedy Costo>173.28
Solucion Greedy Costo>1 2 3 4 0 7 8 9 0 5 6 0 0 0 0 0 0 
Linea Vacia>
Matriz de Costos>
0 11.72 21.73 30.86 30.13 31.1 36.44 24.99 25.58 
9.9 0 14.5 23.66 28.26 32.05 37.39 35.78 36.37 
Dimension>17
Bandera>10
22.99 15.1 0 8.54 14.38 20.72 26.23 33.79 41.54 
27.96 20.08 7.19 0 12.29 18.89 24.15 35.31 41.58 
29.72 29.45 16.87 11.32 0 8.43 11.96 30.36 40.52 
32.4 32.64 25.56 19.81 10.17 0 7.15 22 35.45 
Fitness Greedy Costo>173.28
Solucion Greedy Costo>1 2 3 4 0 7 8 9 0 5 6 0 0 0 0 0 0 
Linea Vacia>
34.8 35.72 25.75 19.3 9.4 7.62 0 27.8 40.33 
26.95 36.64 35.98 34.07 30.07 23.42 27.89 0 13.93 
25.62 35.31 39.13 41.53 40.23 35.44 44.24 13.97 0 
Dimension>17
Matriz de Costos>
0 11.72 21.73 30.86 30.13 31.1 36.44 24.99 25.58 
9.9 0 14.5 23.66 28.26 32.05 37.39 35.78 36.37 
22.99 15.1 0 8.54 14.38 20.72 26.23 33.79 41.54 
Dimension>17
Bandera>10
27.96 20.08 7.19 0 12.29 18.89 24.15 35.31 41.58 
29.72 29.45 16.87 11.32 0 8.43 11.96 30.36 40.52 
Bandera>10
Fitness Greedy Costo>173.28
Fitness Greedy Costo>173.28
Solucion Greedy Costo>1 2 3 4 0 7 8 9 0 5 6 0 0 0 0 0 0 
Linea Vacia>
Dimension>17
32.4 32.64 25.56 19.81 10.17 0 7.15 22 35.45 
34.8 35.72 25.75 19.3 9.4 7.62 0 27.8 40.33 
26.95 36.64 35.98 34.07 30.07 23.42 27.89 0 13.93 
Solucion Greedy Costo>1 2 3 4 0 7 8 9 0 5 6 0 0 0 0 0 0 
Linea Vacia>
Matriz de Costos>
Bandera>10
Fitness Greedy Costo>173.28
Solucion Greedy Costo>1 2 3 4 0 7 8 9 0 5 6 0 0 0 0 0 0 
Linea Vacia>
25.62 35.31 39.13 41.53 40.23 35.44 44.24 13.97 0 
0 11.72 21.73 30.86 30.13 31.1 36.44 24.99 25.58 
9.9 0 14.5 23.66 28.26 32.05 37.39 35.78 36.37 
22.99 15.1 0 8.54 14.38 20.72 26.23 33.79 41.54 
Matriz de Costos>
0 11.72 21.73 30.86 30.13 31.1 36.44 24.99 25.58 
9.9 0 14.5 23.66 28.26 32.05 37.39 35.78 36.37 
22.99 15.1 0 8.54 14.38 20.72 26.23 33.79 41.54 
27.96 20.08 7.19 0 12.29 18.89 24.15 35.31 41.58 
29.72 29.45 16.87 11.32 0 8.43 11.96 30.36 40.52 
32.4 32.64 25.56 19.81 10.17 0 7.15 22 35.45 
27.96 20.08 7.19 0 12.29 18.89 24.15 35.31 41.58 
29.72 29.45 16.87 11.32 0 8.43 11.96 30.36 40.52 
32.4 32.64 25.56 19.81 10.17 0 7.15 22 35.45 
34.8 35.72 25.75 19.3 9.4 7.62 0 27.8 40.33 
Matriz de Costos>
0 11.72 21.73 30.86 30.13 31.1 36.44 24.99 25.58 
34.8 35.72 25.75 19.3 9.4 7.62 0 27.8 40.33 
26.95 36.64 35.98 34.07 30.07 23.42 27.89 0 13.93 
25.62 35.31 39.13 41.53 40.23 35.44 44.24 13.97 0 
26.95 36.64 35.98 34.07 30.07 23.42 27.89 0 13.93 
25.62 35.31 39.13 41.53 40.23 35.44 44.24 13.97 0 
9.9 0 14.5 23.66 28.26 32.05 37.39 35.78 36.37 
22.99 15.1 0 8.54 14.38 20.72 26.23 33.79 41.54 
27.96 20.08 7.19 0 12.29 18.89 24.15 35.31 41.58 
29.72 29.45 16.87 11.32 0 8.43 11.96 30.36 40.52 
32.4 32.64 25.56 19.81 10.17 0 7.15 22 35.45 
34.8 35.72 25.75 19.3 9.4 7.62 0 27.8 40.33 
26.95 36.64 35.98 34.07 30.07 23.42 27.89 0 13.93 
25.62 35.31 39.13 41.53 40.23 35.44 44.24 13.97 0 
Dimension>17
Bandera>10
Fitness Greedy Costo>173.28
Solucion Greedy Costo>1 2 3 4 0 7 8 9 0 5 6 0 0 0 0 0 0 
Linea Vacia>
Matriz de Costos>
0 11.72 21.73 30.86 30.13 31.1 36.44 24.99 25.58 
9.9 0 14.5 23.66 28.26 32.05 37.39 35.78 36.37 
22.99 15.1 0 8.54 14.38 20.72 26.23 33.79 41.54 
27.96 20.08 7.19 0 12.29 18.89 24.15 35.31 41.58 
29.72 29.45 16.87 11.32 0 8.43 11.96 30.36 40.52 
32.4 32.64 25.56 19.81 10.17 0 7.15 22 35.45 
34.8 35.72 25.75 19.3 9.4 7.62 0 27.8 40.33 
26.95 36.64 35.98 34.07 30.07 23.42 27.89 0 13.93 
25.62 35.31 39.13 41.53 40.23 35.44 44.24 13.97 0 
Dimension>17
Bandera>10
Fitness Greedy Costo>173.28
Solucion Greedy Costo>1 2 3 4 0 7 8 9 0 5 6 0 0 0 0 0 0 
Linea Vacia>
Dimension>17
Bandera>10
Fitness Greedy Costo>173.28
Matriz de Costos>
Solucion Greedy Costo>1 2 3 4 0 7 8 9 0 5 6 0 0 0 0 0 0 
Linea Vacia>
0 11.72 21.73 30.86 30.13 31.1 36.44 24.99 25.58 
9.9 0 14.5 23.66 28.26 32.05 37.39 35.78 36.37 
22.99 15.1 0 8.54 14.38 20.72 26.23 33.79 41.54 
Dimension>17
27.96 20.08 7.19 0 12.29 18.89 24.15 35.31 41.58 
29.72 29.45 16.87 11.32 0 8.43 11.96 30.36 40.52 
Matriz de Costos>
0 11.72 21.73 30.86 30.13 31.1 36.44 24.99 25.58 
9.9 0 14.5 23.66 28.26 32.05 37.39 35.78 36.37 
22.99 15.1 0 8.54 14.38 20.72 26.23 33.79 41.54 
27.96 20.08 7.19 0 12.29 18.89 24.15 35.31 41.58 
32.4 32.64 25.56 19.81 10.17 0 7.15 22 35.45 
Bandera>10
Fitness Greedy Costo>173.28
Solucion Greedy Costo>1 2 3 4 0 7 8 9 0 5 6 0 0 0 0 0 0 
Linea Vacia>
29.72 29.45 16.87 11.32 0 8.43 11.96 30.36 40.52 
32.4 32.64 25.56 19.81 10.17 0 7.15 22 35.45 
34.8 35.72 25.75 19.3 9.4 7.62 0 27.8 40.33 
34.8 35.72 25.75 19.3 9.4 7.62 0 27.8 40.33 
26.95 36.64 35.98 34.07 30.07 23.42 27.89 0 13.93 
Dimension>17
26.95 36.64 35.98 34.07 30.07 23.42 27.89 0 13.93 
25.62 35.31 39.13 41.53 40.23 35.44 44.24 13.97 0 
25.62 35.31 39.13 41.53 40.23 35.44 44.24 13.97 0 
Matriz de Costos>
Bandera>10
Fitness Greedy Costo>173.28
0 11.72 21.73 30.86 30.13 31.1 36.44 24.99 25.58 
9.9 0 14.5 23.66 28.26 32.05 37.39 35.78 36.37 
Solucion Greedy Costo>1 2 3 4 0 7 8 9 0 5 6 0 0 0 0 0 0 
Linea Vacia>
22.99 15.1 0 8.54 14.38 20.72 26.23 33.79 41.54 
27.96 20.08 7.19 0 12.29 18.89 24.15 35.31 41.58 
29.72 29.45 16.87 11.32 0 8.43 11.96 30.36 40.52 
32.4 32.64 25.56 19.81 10.17 0 7.15 22 35.45 
Matriz de Costos>
0 11.72 21.73 30.86 30.13 31.1 36.44 24.99 25.58 
9.9 0 14.5 23.66 28.26 32.05 37.39 35.78 36.37 
34.8 35.72 25.75 19.3 9.4 7.62 0 27.8 40.33 
26.95 36.64 35.98 34.07 30.07 23.42 27.89 0 13.93 
25.62 35.31 39.13 41.53 40.23 35.44 44.24 13.97 0 
22.99 15.1 0 8.54 14.38 20.72 26.23 33.79 41.54 
27.96 20.08 7.19 0 12.29 18.89 24.15 35.31 41.58 
29.72 29.45 16.87 11.32 0 8.43 11.96 30.36 40.52 
32.4 32.64 25.56 19.81 10.17 0 7.15 22 35.45 
34.8 35.72 25.75 19.3 9.4 7.62 0 27.8 40.33 
26.95 36.64 35.98 34.07 30.07 23.42 27.89 0 13.93 
25.62 35.31 39.13 41.53 40.23 35.44 44.24 13.97 0 
Dimension>17
Dimension>17
Bandera>10
Fitness Greedy Costo>173.28
Dimension>17
Solucion Greedy Costo>1 2 3 4 0 7 8 9 0 5 6 0 0 0 0 0 0 
Linea Vacia>
Dimension>17
Bandera>10
Fitness Greedy Costo>173.28
Solucion Greedy Costo>1 2 3 4 0 7 8 9 0 5 6 0 0 0 0 0 0 
Linea Vacia>
Bandera>10
Fitness Greedy Costo>173.28
Solucion Greedy Costo>1 2 3 4 0 7 8 9 0 5 6 0 0 0 0 0 0 
Linea Vacia>
Dimension>17
Bandera>10
Fitness Greedy Costo>173.28
Matriz de Costos>
0 11.72 21.73 30.86 30.13 31.1 36.44 24.99 25.58 
9.9 0 14.5 23.66 28.26 32.05 37.39 35.78 36.37 
Dimension>17
Matriz de Costos>
0 11.72 21.73 30.86 30.13 31.1 36.44 24.99 25.58 
9.9 0 14.5 23.66 28.26 32.05 37.39 35.78 36.37 
Solucion Greedy Costo>1 2 3 4 0 7 8 9 0 5 6 0 0 0 0 0 0 
Linea Vacia>
22.99 15.1 0 8.54 14.38 20.72 26.23 33.79 41.54 
27.96 20.08 7.19 0 12.29 18.89 24.15 35.31 41.58 
29.72 29.45 16.87 11.32 0 8.43 11.96 30.36 40.52 
Bandera>10
Fitness Greedy Costo>173.28
Solucion Greedy Costo>1 2 3 4 0 7 8 9 0 5 6 0 0 0 0 0 0 
Linea Vacia>
22.99 15.1 0 8.54 14.38 20.72 26.23 33.79 41.54 
27.96 20.08 7.19 0 12.29 18.89 24.15 35.31 41.58 
32.4 32.64 25.56 19.81 10.17 0 7.15 22 35.45 
34.8 35.72 25.75 19.3 9.4 7.62 0 27.8 40.33 
Bandera>10
Fitness Greedy Costo>173.28
Solucion Greedy Costo>1 2 3 4 0 7 8 9 0 5 6 0 0 0 0 0 0 
Linea Vacia>
Matriz de Costos>
0 11.72 21.73 30.86 30.13 31.1 36.44 24.99 25.58 
9.9 0 14.5 23.66 28.26 32.05 37.39 35.78 36.37 
22.99 15.1 0 8.54 14.38 20.72 26.23 33.79 41.54 
27.96 20.08 7.19 0 12.29 18.89 24.15 35.31 41.58 
29.72 29.45 16.87 11.32 0 8.43 11.96 30.36 40.52 
32.4 32.64 25.56 19.81 10.17 0 7.15 22 35.45 
Dimension>17
Bandera>10
Fitness Greedy Costo>173.28
29.72 29.45 16.87 11.32 0 8.43 11.96 30.36 40.52 
32.4 32.64 25.56 19.81 10.17 0 7.15 22 35.45 
34.8 35.72 25.75 19.3 9.4 7.62 0 27.8 40.33 
26.95 36.64 35.98 34.07 30.07 23.42 27.89 0 13.93 
26.95 36.64 35.98 34.07 30.07 23.42 27.89 0 13.93 
25.62 35.31 39.13 41.53 40.23 35.44 44.24 13.97 0 
34.8 35.72 25.75 19.3 9.4 7.62 0 27.8 40.33 
26.95 36.64 35.98 34.07 30.07 23.42 27.89 0 13.93 
25.62 35.31 39.13 41.53 40.23 35.44 44.24 13.97 0 
Dimension>17
Bandera>10
Solucion Greedy Costo>1 2 3 4 0 7 8 9 0 5 6 0 0 0 0 0 0 
Linea Vacia>
Matriz de Costos>
0 11.72 21.73 30.86 30.13 31.1 36.44 24.99 25.58 
9.9 0 14.5 23.66 28.26 32.05 37.39 35.78 36.37 
22.99 15.1 0 8.54 14.38 20.72 26.23 33.79 41.54 
27.96 20.08 7.19 0 12.29 18.89 24.15 35.31 41.58 
29.72 29.45 16.87 11.32 0 8.43 11.96 30.36 40.52 
32.4 32.64 25.56 19.81 10.17 0 7.15 22 35.45 
25.62 35.31 39.13 41.53 40.23 35.44 44.24 13.97 0 
Matriz de Costos>
0 11.72 21.73 30.86 30.13 31.1 36.44 24.99 25.58 
Matriz de Costos>
0 11.72 21.73 30.86 30.13 31.1 36.44 24.99 25.58 
9.9 0 14.5 23.66 28.26 32.05 37.39 35.78 36.37 
22.99 15.1 0 8.54 14.38 20.72 26.23 33.79 41.54 
27.96 20.08 7.19 0 12.29 18.89 24.15 35.31 41.58 
29.72 29.45 16.87 11.32 0 8.43 11.96 30.36 40.52 
Fitness Greedy Costo>173.28
Solucion Greedy Costo>1 2 3 4 0 7 8 9 0 5 6 0 0 0 0 0 0 
Linea Vacia>
Matriz de Costos>
0 11.72 21.73 30.86 30.13 31.1 36.44 24.99 25.58 
9.9 0 14.5 23.66 28.26 32.05 37.39 35.78 36.37 
22.99 15.1 0 8.54 14.38 20.72 26.23 33.79 41.54 
27.96 20.08 7.19 0 12.29 18.89 24.15 35.31 41.58 
29.72 29.45 16.87 11.32 0 8.43 11.96 30.36 40.52 
34.8 35.72 25.75 19.3 9.4 7.62 0 27.8 40.33 
26.95 36.64 35.98 34.07 30.07 23.42 27.89 0 13.93 
25.62 35.31 39.13 41.53 40.23 35.44 44.24 13.97 0 
9.9 0 14.5 23.66 28.26 32.05 37.39 35.78 36.37 
22.99 15.1 0 8.54 14.38 20.72 26.23 33.79 41.54 
32.4 32.64 25.56 19.81 10.17 0 7.15 22 35.45 
34.8 35.72 25.75 19.3 9.4 7.62 0 27.8 40.33 
26.95 36.64 35.98 34.07 30.07 23.42 27.89 0 13.93 
25.62 35.31 39.13 41.53 40.23 35.44 44.24 13.97 0 
Matriz de Costos>
0 11.72 21.73 30.86 30.13 31.1 36.44 24.99 25.58 
9.9 0 14.5 23.66 28.26 32.05 37.39 35.78 36.37 
22.99 15.1 0 8.54 14.38 20.72 26.23 33.79 41.54 
27.96 20.08 7.19 0 12.29 18.89 24.15 35.31 41.58 
32.4 32.64 25.56 19.81 10.17 0 7.15 22 35.45 
34.8 35.72 25.75 19.3 9.4 7.62 0 27.8 40.33 
26.95 36.64 35.98 34.07 30.07 23.42 27.89 0 13.93 
25.62 35.31 39.13 41.53 40.23 35.44 44.24 13.97 0 
27.96 20.08 7.19 0 12.29 18.89 24.15 35.31 41.58 
29.72 29.45 16.87 11.32 0 8.43 11.96 30.36 40.52 
29.72 29.45 16.87 11.32 0 8.43 11.96 30.36 40.52 
32.4 32.64 25.56 19.81 10.17 0 7.15 22 35.45 
34.8 35.72 25.75 19.3 9.4 7.62 0 27.8 40.33 
26.95 36.64 35.98 34.07 30.07 23.42 27.89 0 13.93 
32.4 32.64 25.56 19.81 10.17 0 7.15 22 35.45 
25.62 35.31 39.13 41.53 40.23 35.44 44.24 13.97 0 
34.8 35.72 25.75 19.3 9.4 7.62 0 27.8 40.33 
26.95 36.64 35.98 34.07 30.07 23.42 27.89 0 13.93 
25.62 35.31 39.13 41.53 40.23 35.44 44.24 13.97 0 
Dimension>17
Bandera>10
Fitness Greedy Costo>173.28
Solucion Greedy Costo>1 2 3 4 0 7 8 9 0 5 6 0 0 0 0 0 0 
Linea Vacia>
Dimension>17
Bandera>10
Fitness Greedy Costo>173.28
Solucion Greedy Costo>1 2 3 4 0 7 8 9 0 5 6 0 0 0 0 0 0 
Linea Vacia>
Dimension>17
Bandera>10
Matriz de Costos>
0 11.72 21.73 30.86 30.13 31.1 36.44 24.99 25.58 
9.9 0 14.5 23.66 28.26 32.05 37.39 35.78 36.37 
22.99 15.1 0 8.54 14.38 20.72 26.23 33.79 41.54 
27.96 20.08 7.19 0 12.29 18.89 24.15 35.31 41.58 
29.72 29.45 16.87 11.32 0 8.43 11.96 30.36 40.52 
32.4 32.64 25.56 19.81 10.17 0 7.15 22 35.45 
34.8 35.72 25.75 19.3 9.4 7.62 0 27.8 40.33 
Matriz de Costos>
0 11.72 21.73 30.86 30.13 31.1 36.44 24.99 25.58 
9.9 0 14.5 23.66 28.26 32.05 37.39 35.78 36.37 
22.99 15.1 0 8.54 14.38 20.72 26.23 33.79 41.54 
27.96 20.08 7.19 0 12.29 18.89 24.15 35.31 41.58 
29.72 29.45 16.87 11.32 0 8.43 11.96 30.36 40.52 
32.4 32.64 25.56 19.81 10.17 0 7.15 22 35.45 
34.8 35.72 25.75 19.3 9.4 7.62 0 27.8 40.33 
Fitness Greedy Costo>173.28
Solucion Greedy Costo>1 2 3 4 0 7 8 9 0 5 6 0 0 0 0 0 0 
Linea Vacia>
Dimension>17
Bandera>10
Fitness Greedy Costo>173.28
Solucion Greedy Costo>1 2 3 4 0 7 8 9 0 5 6 0 0 0 0 0 0 
Linea Vacia>
26.95 36.64 35.98 34.07 30.07 23.42 27.89 0 13.93 
25.62 35.31 39.13 41.53 40.23 35.44 44.24 13.97 0 
26.95 36.64 35.98 34.07 30.07 23.42 27.89 0 13.93 
25.62 35.31 39.13 41.53 40.23 35.44 44.24 13.97 0 
Dimension>17
Bandera>10
Fitness Greedy Costo>173.28
Solucion Greedy Costo>1 2 3 4 0 7 8 9 0 5 6 0 0 0 0 0 0 
Linea Vacia>
Matriz de Costos>
0 11.72 21.73 30.86 30.13 31.1 36.44 24.99 25.58 
9.9 0 14.5 23.66 28.26 32.05 37.39 35.78 36.37 
22.99 15.1 0 8.54 14.38 20.72 26.23 33.79 41.54 
27.96 20.08 7.19 0 12.29 18.89 24.15 35.31 41.58 
29.72 29.45 16.87 11.32 0 8.43 11.96 30.36 40.52 
Matriz de Costos>
0 11.72 21.73 30.86 30.13 31.1 36.44 24.99 25.58 
9.9 0 14.5 23.66 28.26 32.05 37.39 35.78 36.37 
22.99 15.1 0 8.54 14.38 20.72 26.23 33.79 41.54 
Matriz de Costos>
0 11.72 21.73 30.86 30.13 31.1 36.44 24.99 25.58 
9.9 0 14.5 23.66 28.26 32.05 37.39 35.78 36.37 
22.99 15.1 0 8.54 14.38 20.72 26.23 33.79 41.54 
27.96 20.08 7.19 0 12.29 18.89 24.15 35.31 41.58 
29.72 29.45 16.87 11.32 0 8.43 11.96 30.36 40.52 
32.4 32.64 25.56 19.81 10.17 0 7.15 22 35.45 
34.8 35.72 25.75 19.3 9.4 7.62 0 27.8 40.33 
26.95 36.64 35.98 34.07 30.07 23.42 27.89 0 13.93 
32.4 32.64 25.56 19.81 10.17 0 7.15 22 35.45 
34.8 35.72 25.75 19.3 9.4 7.62 0 27.8 40.33 
26.95 36.64 35.98 34.07 30.07 23.42 27.89 0 13.93 
27.96 20.08 7.19 0 12.29 18.89 24.15 35.31 41.58 
29.72 29.45 16.87 11.32 0 8.43 11.96 30.36 40.52 
32.4 32.64 25.56 19.81 10.17 0 7.15 22 35.45 
25.62 35.31 39.13 41.53 40.23 35.44 44.24 13.97 0 
25.62 35.31 39.13 41.53 40.23 35.44 44.24 13.97 0 
34.8 35.72 25.75 19.3 9.4 7.62 0 27.8 40.33 
26.95 36.64 35.98 34.07 30.07 23.42 27.89 0 13.93 
25.62 35.31 39.13 41.53 40.23 35.44 44.24 13.97 0 
GEN 0 173.280000
GREEDY 0 0.000000
TIEMPO 0 173.280000
GEN 0 173.280000
GREEDY 0 0.000000
TIEMPO 0 170.390000
GEN 0 170.390000
GREEDY 0 0.000000
GEN 0 173.280000
GREEDY 0 0.000000
TIEMPO 0 173.280000
TIEMPO 0 170.390000
GEN 0 170.390000
GREEDY 0 0.000000
TIEMPO 0 170.390000
GEN 0 173.280000
GREEDY 0 0.000000
GEN 0 173.280000
GREEDY 0 0.000000
TIEMPO 0 173.280000
TIEMPO 0 173.280000
GEN 0 173.280000
GREEDY 0 0.000000
TIEMPO 0 173.280000
GEN 0 173.280000
GREEDY 0 0.000000
TIEMPO 0 173.280000
GEN 0 173.280000
GREEDY 0 0.000000
TIEMPO 0 173.280000
GEN 0 173.280000
GREEDY 0 0.000000
TIEMPO 0 173.280000
GEN 0 173.280000
GREEDY 0 0.000000
TIEMPO 0 173.280000
GEN 0 173.280000
GEN 0 173.280000
GREEDY 0 0.000000
GREEDY 0 0.000000
TIEMPO 0 173.280000
TIEMPO 0 173.280000
GEN 0 173.280000
GREEDY 0 0.000000
TIEMPO 0 173.280000
GEN 0 173.280000
GREEDY 0 0.000000
TIEMPO 0 173.280000
GEN 0 173.280000
GREEDY 0 0.000000
TIEMPO 0 173.280000
GEN 0 173.280000
GREEDY 0 0.000000
GEN 0 173.280000
GREEDY 0 0.000000
GEN 0 173.280000
GREEDY 0 0.000000
TIEMPO 0 170.390000
TIEMPO 0 173.280000
TIEMPO 0 173.280000
GEN 0 173.280000
GREEDY 0 0.000000
GEN 0 173.280000
GREEDY 0 0.000000
TIEMPO 0 173.280000
TIEMPO 0 173.280000
GEN 0 173.280000
GREEDY 0 0.000000
TIEMPO 0 173.280000
GEN 0 170.390000
GREEDY 0 0.000000
TIEMPO 0 170.390000
GEN 2500 168.450000
GEN 2500 168.450000
GEN 2500 168.450000
GEN 2500 168.450000
GEN 5000 168.450000
GEN 5000 168.450000
GEN 5000 168.450000
GEN 2500 168.450000
GEN 5000 168.450000
GEN 2500 168.450000
GEN 2500 168.450000
GEN 7500 168.450000
GEN 7500 168.450000
GEN 2500 168.450000
GEN 2500 168.450000
GEN 7500 168.450000
GEN 2500 168.450000
GEN 5000 168.450000
GEN 2500 168.450000
GEN 2500 168.450000
GEN 2500 168.450000
GEN 2500 168.450000
GEN 2500 168.450000
GEN 2500 168.450000
GEN 7500 168.450000
GEN 2500 168.450000
GEN 2500 168.450000
GEN 2500 168.450000
GEN 2500 168.450000
GEN 2500 168.450000
GEN 2500 168.450000
GEN 2500 168.450000
GEN 10000 168.450000
TIEMPO 0.407417 168.450000
GEN 10000 168.450000
TIEMPO 0.407827 168.450000
GEN 2500 168.450000
GEN 5000 168.450000
GEN 7500 168.450000
GEN 10000 168.450000
TIEMPO 0.440545 168.450000
GEN 10000 168.450000
TIEMPO 0.455837 168.450000
GEN 5000 168.450000
GEN 5000 168.450000
GEN 5000 168.450000
GEN 7500 168.450000
GEN 5000 168.450000
GEN 5000 168.450000
GEN 10000 168.450000
TIEMPO 0.552900 168.450000
GEN 5000 168.450000
GEN 5000 168.450000
GEN 5000 168.450000
GEN 5000 168.450000
GEN 5000 168.450000
GEN 7500 168.450000
GEN 5000 168.450000
GEN 5000 168.450000
GEN 5000 168.450000
GEN 5000 168.450000
GEN 7500 168.450000
GEN 5000 168.450000
GEN 5000 168.450000
GEN 7500 168.450000
GEN 7500 168.450000
GEN 5000 168.450000
GEN 5000 168.450000
GEN 7500 168.450000
GEN 7500 168.450000
GEN 10000 168.450000
TIEMPO 0.651098 168.450000
GEN 7500 168.450000
GEN 7500 168.450000
GEN 7500 168.450000
GEN 7500 168.450000
GEN 10000 168.450000
TIEMPO 0.720826 168.450000
GEN 10000 168.450000
TIEMPO 0.722002 168.450000
GEN 10000 168.450000
TIEMPO 0.749602 168.450000
GEN 10000 168.450000
TIEMPO 0.765247 168.450000
GEN 10000 168.450000
TIEMPO 0.756170 168.450000
GEN 10000 168.450000
TIEMPO 0.763148 168.450000
GEN 10000 168.450000
TIEMPO 0.769476 168.450000
GEN 7500 168.450000
GEN 7500 168.450000
GEN 10000 168.450000
TIEMPO 0.808506 168.450000
GEN 10000 168.450000
TIEMPO 0.805347 168.450000
GEN 7500 168.450000
GEN 7500 168.450000
GEN 7500 168.450000
GEN 7500 168.450000
GEN 7500 168.450000
GEN 7500 168.450000
GEN 10000 168.450000
TIEMPO 0.901087 168.450000
GEN 10000 168.450000
TIEMPO 0.898019 168.450000
GEN 10000 168.450000
TIEMPO 0.921461 168.450000
GEN 10000 168.450000
TIEMPO 0.951795 168.450000
TIEMPO 1 168.450000
TIEMPO 1 168.450000
TIEMPO 1 168.450000
TIEMPO 1 168.450000
TIEMPO 1 168.450000
GEN 10000 168.450000
TIEMPO 1.096009 168.450000
GEN 10000 168.450000
TIEMPO 1.104318 168.450000
GEN 10000 168.450000
TIEMPO 1.118766 168.450000
GEN 10000 168.450000
TIEMPO 1.120021 168.450000
GEN 10000 168.450000
TIEMPO 1.119734 168.450000

 Current State ---------------------------------------------
Solution:  1 2 3 0 7 8 9 0 4 5 6 0 0 0 0 0 0 Fitness: 168.45

 :( ---------------------- THE END --------------- :) 
