Dimension>17
Bandera>10
Fitness Greedy Costo>173.28
Solucion Greedy Costo>1 2 3 4 0 7 8 9 0 5 6 0 0 0 0 0 0 
Linea Vacia>
Dimension>17
Matriz de Costos>
0 11.72 21.73 30.86 30.13 31.1 36.44 24.99 25.58 
Dimension>17
Bandera>10
Fitness Greedy Costo>173.28
Solucion Greedy Costo>1 2 3 4 0 7 8 9 0 5 6 0 0 0 0 0 0 
Linea Vacia>
9.9 0 14.5 23.66 28.26 32.05 37.39 35.78 36.37 
22.99 15.1 0 8.54 14.38 20.72 26.23 33.79 41.54 
27.96 20.08 7.19 0 12.29 18.89 24.15 35.31 41.58 
Bandera>10
Fitness Greedy Costo>173.28
29.72 29.45 16.87 11.32 0 8.43 11.96 30.36 40.52 
32.4 32.64 25.56 19.81 10.17 0 7.15 22 35.45 
Solucion Greedy Costo>1 2 3 4 0 7 8 9 0 5 6 0 0 0 0 0 0 
Linea Vacia>
Matriz de Costos>
0 11.72 21.73 30.86 30.13 31.1 36.44 24.99 25.58 
9.9 0 14.5 23.66 28.26 32.05 37.39 35.78 36.37 
34.8 35.72 25.75 19.3 9.4 7.62 0 27.8 40.33 
26.95 36.64 35.98 34.07 30.07 23.42 27.89 0 13.93 
22.99 15.1 0 8.54 14.38 20.72 26.23 33.79 41.54 
27.96 20.08 7.19 0 12.29 18.89 24.15 35.31 41.58 
29.72 29.45 16.87 11.32 0 8.43 11.96 30.36 40.52 
32.4 32.64 25.56 19.81 10.17 0 7.15 22 35.45 
25.62 35.31 39.13 41.53 40.23 35.44 44.24 13.97 0 
Matriz de Costos>
0 11.72 21.73 30.86 30.13 31.1 36.44 24.99 25.58 
34.8 35.72 25.75 19.3 9.4 7.62 0 27.8 40.33 
26.95 36.64 35.98 34.07 30.07 23.42 27.89 0 13.93 
9.9 0 14.5 23.66 28.26 32.05 37.39 35.78 36.37 
25.62 35.31 39.13 41.53 40.23 35.44 44.24 13.97 0 
22.99 15.1 0 8.54 14.38 20.72 26.23 33.79 41.54 
27.96 20.08 7.19 0 12.29 18.89 24.15 35.31 41.58 
29.72 29.45 16.87 11.32 0 8.43 11.96 30.36 40.52 
32.4 32.64 25.56 19.81 10.17 0 7.15 22 35.45 
34.8 35.72 25.75 19.3 9.4 7.62 0 27.8 40.33 
26.95 36.64 35.98 34.07 30.07 23.42 27.89 0 13.93 
25.62 35.31 39.13 41.53 40.23 35.44 44.24 13.97 0 
Dimension>17
Dimension>17
Bandera>10
Fitness Greedy Costo>173.28
Solucion Greedy Costo>1 2 3 4 0 7 8 9 0 5 6 0 0 0 0 0 0 
Linea Vacia>
Bandera>10
Fitness Greedy Costo>173.28
Solucion Greedy Costo>1 2 3 4 0 7 8 9 0 5 6 0 0 0 0 0 0 
Linea Vacia>
Matriz de Costos>
Matriz de Costos>
0 11.72 21.73 30.86 30.13 31.1 36.44 24.99 25.58 
9.9 0 14.5 23.66 28.26 32.05 37.39 35.78 36.37 
0 11.72 21.73 30.86 30.13 31.1 36.44 24.99 25.58 
9.9 0 14.5 23.66 28.26 32.05 37.39 35.78 36.37 
22.99 15.1 0 8.54 14.38 20.72 26.23 33.79 41.54 
27.96 20.08 7.19 0 12.29 18.89 24.15 35.31 41.58 
22.99 15.1 0 8.54 14.38 20.72 26.23 33.79 41.54 
27.96 20.08 7.19 0 12.29 18.89 24.15 35.31 41.58 
29.72 29.45 16.87 11.32 0 8.43 11.96 30.36 40.52 
32.4 32.64 25.56 19.81 10.17 0 7.15 22 35.45 
29.72 29.45 16.87 11.32 0 8.43 11.96 30.36 40.52 
32.4 32.64 25.56 19.81 10.17 0 7.15 22 35.45 
34.8 35.72 25.75 19.3 9.4 7.62 0 27.8 40.33 
34.8 35.72 25.75 19.3 9.4 7.62 0 27.8 40.33 
26.95 36.64 35.98 34.07 30.07 23.42 27.89 0 13.93 
26.95 36.64 35.98 34.07 30.07 23.42 27.89 0 13.93 
25.62 35.31 39.13 41.53 40.23 35.44 44.24 13.97 0 
25.62 35.31 39.13 41.53 40.23 35.44 44.24 13.97 0 
Dimension>17
Dimension>17
Bandera>10
Fitness Greedy Costo>173.28
Solucion Greedy Costo>1 2 3 4 0 7 8 9 0 5 6 0 0 0 0 0 0 
Linea Vacia>
Dimension>17
Bandera>10
Fitness Greedy Costo>173.28
Bandera>10
Fitness Greedy Costo>173.28
Solucion Greedy Costo>1 2 3 4 0 7 8 9 0 5 6 0 0 0 0 0 0 
Linea Vacia>
Solucion Greedy Costo>1 2 3 4 0 7 8 9 0 5 6 0 0 0 0 0 0 
Linea Vacia>
Matriz de Costos>
0 11.72 21.73 30.86 30.13 31.1 36.44 24.99 25.58 
9.9 0 14.5 23.66 28.26 32.05 37.39 35.78 36.37 
22.99 15.1 0 8.54 14.38 20.72 26.23 33.79 41.54 
27.96 20.08 7.19 0 12.29 18.89 24.15 35.31 41.58 
29.72 29.45 16.87 11.32 0 8.43 11.96 30.36 40.52 
32.4 32.64 25.56 19.81 10.17 0 7.15 22 35.45 
34.8 35.72 25.75 19.3 9.4 7.62 0 27.8 40.33 
Matriz de Costos>
0 11.72 21.73 30.86 30.13 31.1 36.44 24.99 25.58 
9.9 0 14.5 23.66 28.26 32.05 37.39 35.78 36.37 
22.99 15.1 0 8.54 14.38 20.72 26.23 33.79 41.54 
27.96 20.08 7.19 0 12.29 18.89 24.15 35.31 41.58 
26.95 36.64 35.98 34.07 30.07 23.42 27.89 0 13.93 
25.62 35.31 39.13 41.53 40.23 35.44 44.24 13.97 0 
29.72 29.45 16.87 11.32 0 8.43 11.96 30.36 40.52 
32.4 32.64 25.56 19.81 10.17 0 7.15 22 35.45 
34.8 35.72 25.75 19.3 9.4 7.62 0 27.8 40.33 
26.95 36.64 35.98 34.07 30.07 23.42 27.89 0 13.93 
Matriz de Costos>
0 11.72 21.73 30.86 30.13 31.1 36.44 24.99 25.58 
25.62 35.31 39.13 41.53 40.23 35.44 44.24 13.97 0 
9.9 0 14.5 23.66 28.26 32.05 37.39 35.78 36.37 
22.99 15.1 0 8.54 14.38 20.72 26.23 33.79 41.54 
27.96 20.08 7.19 0 12.29 18.89 24.15 35.31 41.58 
29.72 29.45 16.87 11.32 0 8.43 11.96 30.36 40.52 
32.4 32.64 25.56 19.81 10.17 0 7.15 22 35.45 
34.8 35.72 25.75 19.3 9.4 7.62 0 27.8 40.33 
26.95 36.64 35.98 34.07 30.07 23.42 27.89 0 13.93 
25.62 35.31 39.13 41.53 40.23 35.44 44.24 13.97 0 
Dimension>17
Dimension>17
Bandera>10
Fitness Greedy Costo>173.28
Solucion Greedy Costo>1 2 3 4 0 7 8 9 0 5 6 0 0 0 0 0 0 
Linea Vacia>
Bandera>10
Fitness Greedy Costo>173.28
Solucion Greedy Costo>1 2 3 4 0 7 8 9 0 5 6 0 0 0 0 0 0 
Linea Vacia>
Matriz de Costos>
Matriz de Costos>
0 11.72 21.73 30.86 30.13 31.1 36.44 24.99 25.58 
9.9 0 14.5 23.66 28.26 32.05 37.39 35.78 36.37 
0 11.72 21.73 30.86 30.13 31.1 36.44 24.99 25.58 
9.9 0 14.5 23.66 28.26 32.05 37.39 35.78 36.37 
22.99 15.1 0 8.54 14.38 20.72 26.23 33.79 41.54 
27.96 20.08 7.19 0 12.29 18.89 24.15 35.31 41.58 
29.72 29.45 16.87 11.32 0 8.43 11.96 30.36 40.52 
22.99 15.1 0 8.54 14.38 20.72 26.23 33.79 41.54 
27.96 20.08 7.19 0 12.29 18.89 24.15 35.31 41.58 
29.72 29.45 16.87 11.32 0 8.43 11.96 30.36 40.52 
32.4 32.64 25.56 19.81 10.17 0 7.15 22 35.45 
34.8 35.72 25.75 19.3 9.4 7.62 0 27.8 40.33 
26.95 36.64 35.98 34.07 30.07 23.42 27.89 0 13.93 
32.4 32.64 25.56 19.81 10.17 0 7.15 22 35.45 
34.8 35.72 25.75 19.3 9.4 7.62 0 27.8 40.33 
25.62 35.31 39.13 41.53 40.23 35.44 44.24 13.97 0 
26.95 36.64 35.98 34.07 30.07 23.42 27.89 0 13.93 
25.62 35.31 39.13 41.53 40.23 35.44 44.24 13.97 0 
Dimension>17
Bandera>10
Fitness Greedy Costo>173.28
Solucion Greedy Costo>1 2 3 4 0 7 8 9 0 5 6 0 0 0 0 0 0 
Linea Vacia>
Matriz de Costos>
0 11.72 21.73 30.86 30.13 31.1 36.44 24.99 25.58 
Dimension>17
9.9 0 14.5 23.66 28.26 32.05 37.39 35.78 36.37 
22.99 15.1 0 8.54 14.38 20.72 26.23 33.79 41.54 
27.96 20.08 7.19 0 12.29 18.89 24.15 35.31 41.58 
29.72 29.45 16.87 11.32 0 8.43 11.96 30.36 40.52 
32.4 32.64 25.56 19.81 10.17 0 7.15 22 35.45 
34.8 35.72 25.75 19.3 9.4 7.62 0 27.8 40.33 
26.95 36.64 35.98 34.07 30.07 23.42 27.89 0 13.93 
25.62 35.31 39.13 41.53 40.23 35.44 44.24 13.97 0 
Bandera>10
Fitness Greedy Costo>173.28
Solucion Greedy Costo>1 2 3 4 0 7 8 9 0 5 6 0 0 0 0 0 0 
Linea Vacia>
Matriz de Costos>
0 11.72 21.73 30.86 30.13 31.1 36.44 24.99 25.58 
9.9 0 14.5 23.66 28.26 32.05 37.39 35.78 36.37 
22.99 15.1 0 8.54 14.38 20.72 26.23 33.79 41.54 
27.96 20.08 7.19 0 12.29 18.89 24.15 35.31 41.58 
29.72 29.45 16.87 11.32 0 8.43 11.96 30.36 40.52 
32.4 32.64 25.56 19.81 10.17 0 7.15 22 35.45 
34.8 35.72 25.75 19.3 9.4 7.62 0 27.8 40.33 
26.95 36.64 35.98 34.07 30.07 23.42 27.89 0 13.93 
25.62 35.31 39.13 41.53 40.23 35.44 44.24 13.97 0 
Dimension>17
Bandera>10
Fitness Greedy Costo>173.28
Solucion Greedy Costo>1 2 3 4 0 7 8 9 0 5 6 0 0 0 0 0 0 
Linea Vacia>
Matriz de Costos>
0 11.72 21.73 30.86 30.13 31.1 36.44 24.99 25.58 
9.9 0 14.5 23.66 28.26 32.05 37.39 35.78 36.37 
22.99 15.1 0 8.54 14.38 20.72 26.23 33.79 41.54 
27.96 20.08 7.19 0 12.29 18.89 24.15 35.31 41.58 
29.72 29.45 16.87 11.32 0 8.43 11.96 30.36 40.52 
32.4 32.64 25.56 19.81 10.17 0 7.15 22 35.45 
34.8 35.72 25.75 19.3 9.4 7.62 0 27.8 40.33 
26.95 36.64 35.98 34.07 30.07 23.42 27.89 0 13.93 
25.62 35.31 39.13 41.53 40.23 35.44 44.24 13.97 0 
Dimension>17
Bandera>10
Fitness Greedy Costo>173.28
Solucion Greedy Costo>1 2 3 4 0 7 8 9 0 5 6 0 0 0 0 0 0 
Linea Vacia>
Matriz de Costos>
0 11.72 21.73 30.86 30.13 31.1 36.44 24.99 25.58 
9.9 0 14.5 23.66 28.26 32.05 37.39 35.78 36.37 
22.99 15.1 0 8.54 14.38 20.72 26.23 33.79 41.54 
27.96 20.08 7.19 0 12.29 18.89 24.15 35.31 41.58 
29.72 29.45 16.87 11.32 0 8.43 11.96 30.36 40.52 
32.4 32.64 25.56 19.81 10.17 0 7.15 22 35.45 
34.8 35.72 25.75 19.3 9.4 7.62 0 27.8 40.33 
26.95 36.64 35.98 34.07 30.07 23.42 27.89 0 13.93 
25.62 35.31 39.13 41.53 40.23 35.44 44.24 13.97 0 
Dimension>17
Bandera>10
Fitness Greedy Costo>173.28
Solucion Greedy Costo>1 2 3 4 0 7 8 9 0 5 6 0 0 0 0 0 0 
Linea Vacia>
Matriz de Costos>
0 11.72 21.73 30.86 30.13 31.1 36.44 24.99 25.58 
9.9 0 14.5 23.66 28.26 32.05 37.39 35.78 36.37 
22.99 15.1 0 8.54 14.38 20.72 26.23 33.79 41.54 
27.96 20.08 7.19 0 12.29 18.89 24.15 35.31 41.58 
29.72 29.45 16.87 11.32 0 8.43 11.96 30.36 40.52 
32.4 32.64 25.56 19.81 10.17 0 7.15 22 35.45 
34.8 35.72 25.75 19.3 9.4 7.62 0 27.8 40.33 
26.95 36.64 35.98 34.07 30.07 23.42 27.89 0 13.93 
25.62 35.31 39.13 41.53 40.23 35.44 44.24 13.97 0 
Dimension>17
Bandera>10
Fitness Greedy Costo>173.28
Solucion Greedy Costo>1 2 3 4 0 7 8 9 0 5 6 0 0 0 0 0 0 
Linea Vacia>
Dimension>17
Matriz de Costos>
0 11.72 21.73 30.86 30.13 31.1 36.44 24.99 25.58 
9.9 0 14.5 23.66 28.26 32.05 37.39 35.78 36.37 
Bandera>10
Fitness Greedy Costo>173.28
Solucion Greedy Costo>1 2 3 4 0 7 8 9 0 5 6 0 0 0 0 0 0 
Linea Vacia>
22.99 15.1 0 8.54 14.38 20.72 26.23 33.79 41.54 
27.96 20.08 7.19 0 12.29 18.89 24.15 35.31 41.58 
29.72 29.45 16.87 11.32 0 8.43 11.96 30.36 40.52 
32.4 32.64 25.56 19.81 10.17 0 7.15 22 35.45 
Matriz de Costos>
0 11.72 21.73 30.86 30.13 31.1 36.44 24.99 25.58 
9.9 0 14.5 23.66 28.26 32.05 37.39 35.78 36.37 
34.8 35.72 25.75 19.3 9.4 7.62 0 27.8 40.33 
22.99 15.1 0 8.54 14.38 20.72 26.23 33.79 41.54 
27.96 20.08 7.19 0 12.29 18.89 24.15 35.31 41.58 
29.72 29.45 16.87 11.32 0 8.43 11.96 30.36 40.52 
26.95 36.64 35.98 34.07 30.07 23.42 27.89 0 13.93 
25.62 35.31 39.13 41.53 40.23 35.44 44.24 13.97 0 
32.4 32.64 25.56 19.81 10.17 0 7.15 22 35.45 
34.8 35.72 25.75 19.3 9.4 7.62 0 27.8 40.33 
26.95 36.64 35.98 34.07 30.07 23.42 27.89 0 13.93 
25.62 35.31 39.13 41.53 40.23 35.44 44.24 13.97 0 
Dimension>17
Bandera>10
Fitness Greedy Costo>173.28
Solucion Greedy Costo>1 2 3 4 0 7 8 9 0 5 6 0 0 0 0 0 0 
Linea Vacia>
Matriz de Costos>
0 11.72 21.73 30.86 30.13 31.1 36.44 24.99 25.58 
9.9 0 14.5 23.66 28.26 32.05 37.39 35.78 36.37 
22.99 15.1 0 8.54 14.38 20.72 26.23 33.79 41.54 
27.96 20.08 7.19 0 12.29 18.89 24.15 35.31 41.58 
29.72 29.45 16.87 11.32 0 8.43 11.96 30.36 40.52 
32.4 32.64 25.56 19.81 10.17 0 7.15 22 35.45 
34.8 35.72 25.75 19.3 9.4 7.62 0 27.8 40.33 
Dimension>17
26.95 36.64 35.98 34.07 30.07 23.42 27.89 0 13.93 
25.62 35.31 39.13 41.53 40.23 35.44 44.24 13.97 0 
Bandera>10
Fitness Greedy Costo>173.28
Solucion Greedy Costo>1 2 3 4 0 7 8 9 0 5 6 0 0 0 0 0 0 
Linea Vacia>
Matriz de Costos>
0 11.72 21.73 30.86 30.13 31.1 36.44 24.99 25.58 
9.9 0 14.5 23.66 28.26 32.05 37.39 35.78 36.37 
22.99 15.1 0 8.54 14.38 20.72 26.23 33.79 41.54 
27.96 20.08 7.19 0 12.29 18.89 24.15 35.31 41.58 
29.72 29.45 16.87 11.32 0 8.43 11.96 30.36 40.52 
32.4 32.64 25.56 19.81 10.17 0 7.15 22 35.45 
34.8 35.72 25.75 19.3 9.4 7.62 0 27.8 40.33 
26.95 36.64 35.98 34.07 30.07 23.42 27.89 0 13.93 
25.62 35.31 39.13 41.53 40.23 35.44 44.24 13.97 0 
Dimension>17
Bandera>10
Fitness Greedy Costo>173.28
Solucion Greedy Costo>1 2 3 4 0 7 8 9 0 5 6 0 0 0 0 0 0 
Linea Vacia>
Matriz de Costos>
0 11.72 21.73 30.86 30.13 31.1 36.44 24.99 25.58 
9.9 0 14.5 23.66 28.26 32.05 37.39 35.78 36.37 
22.99 15.1 0 8.54 14.38 20.72 26.23 33.79 41.54 
27.96 20.08 7.19 0 12.29 18.89 24.15 35.31 41.58 
29.72 29.45 16.87 11.32 0 8.43 11.96 30.36 40.52 
32.4 32.64 25.56 19.81 10.17 0 7.15 22 35.45 
34.8 35.72 25.75 19.3 9.4 7.62 0 27.8 40.33 
Dimension>17
26.95 36.64 35.98 34.07 30.07 23.42 27.89 0 13.93 
25.62 35.31 39.13 41.53 40.23 35.44 44.24 13.97 0 
Bandera>10
Fitness Greedy Costo>173.28
Solucion Greedy Costo>1 2 3 4 0 7 8 9 0 5 6 0 0 0 0 0 0 
Linea Vacia>
Matriz de Costos>
0 11.72 21.73 30.86 30.13 31.1 36.44 24.99 25.58 
9.9 0 14.5 23.66 28.26 32.05 37.39 35.78 36.37 
22.99 15.1 0 8.54 14.38 20.72 26.23 33.79 41.54 
27.96 20.08 7.19 0 12.29 18.89 24.15 35.31 41.58 
29.72 29.45 16.87 11.32 0 8.43 11.96 30.36 40.52 
32.4 32.64 25.56 19.81 10.17 0 7.15 22 35.45 
34.8 35.72 25.75 19.3 9.4 7.62 0 27.8 40.33 
26.95 36.64 35.98 34.07 30.07 23.42 27.89 0 13.93 
25.62 35.31 39.13 41.53 40.23 35.44 44.24 13.97 0 
Dimension>17
Bandera>10
Fitness Greedy Costo>173.28
Solucion Greedy Costo>1 2 3 4 0 7 8 9 0 5 6 0 0 0 0 0 0 
Linea Vacia>
Matriz de Costos>
0 11.72 21.73 30.86 30.13 31.1 36.44 24.99 25.58 
9.9 0 14.5 23.66 28.26 32.05 37.39 35.78 36.37 
22.99 15.1 0 8.54 14.38 20.72 26.23 33.79 41.54 
27.96 20.08 7.19 0 12.29 18.89 24.15 35.31 41.58 
29.72 29.45 16.87 11.32 0 8.43 11.96 30.36 40.52 
32.4 32.64 25.56 19.81 10.17 0 7.15 22 35.45 
34.8 35.72 25.75 19.3 9.4 7.62 0 27.8 40.33 
26.95 36.64 35.98 34.07 30.07 23.42 27.89 0 13.93 
25.62 35.31 39.13 41.53 40.23 35.44 44.24 13.97 0 
Dimension>17
Bandera>10
Fitness Greedy Costo>173.28
Solucion Greedy Costo>1 2 3 4 0 7 8 9 0 5 6 0 0 0 0 0 0 
Linea Vacia>
Matriz de Costos>
0 11.72 21.73 30.86 30.13 31.1 36.44 24.99 25.58 
9.9 0 14.5 23.66 28.26 32.05 37.39 35.78 36.37 
22.99 15.1 0 8.54 14.38 20.72 26.23 33.79 41.54 
27.96 20.08 7.19 0 12.29 18.89 24.15 35.31 41.58 
Dimension>17
29.72 29.45 16.87 11.32 0 8.43 11.96 30.36 40.52 
32.4 32.64 25.56 19.81 10.17 0 7.15 22 35.45 
34.8 35.72 25.75 19.3 9.4 7.62 0 27.8 40.33 
26.95 36.64 35.98 34.07 30.07 23.42 27.89 0 13.93 
25.62 35.31 39.13 41.53 40.23 35.44 44.24 13.97 0 
Bandera>10
Fitness Greedy Costo>173.28
Solucion Greedy Costo>1 2 3 4 0 7 8 9 0 5 6 0 0 0 0 0 0 
Linea Vacia>
Matriz de Costos>
0 11.72 21.73 30.86 30.13 31.1 36.44 24.99 25.58 
9.9 0 14.5 23.66 28.26 32.05 37.39 35.78 36.37 
22.99 15.1 0 8.54 14.38 20.72 26.23 33.79 41.54 
27.96 20.08 7.19 0 12.29 18.89 24.15 35.31 41.58 
29.72 29.45 16.87 11.32 0 8.43 11.96 30.36 40.52 
Dimension>17
32.4 32.64 25.56 19.81 10.17 0 7.15 22 35.45 
34.8 35.72 25.75 19.3 9.4 7.62 0 27.8 40.33 
26.95 36.64 35.98 34.07 30.07 23.42 27.89 0 13.93 
Bandera>10
Fitness Greedy Costo>173.28
Solucion Greedy Costo>1 2 3 4 0 7 8 9 0 5 6 0 0 0 0 0 0 
Linea Vacia>
25.62 35.31 39.13 41.53 40.23 35.44 44.24 13.97 0 
Matriz de Costos>
0 11.72 21.73 30.86 30.13 31.1 36.44 24.99 25.58 
9.9 0 14.5 23.66 28.26 32.05 37.39 35.78 36.37 
22.99 15.1 0 8.54 14.38 20.72 26.23 33.79 41.54 
27.96 20.08 7.19 0 12.29 18.89 24.15 35.31 41.58 
29.72 29.45 16.87 11.32 0 8.43 11.96 30.36 40.52 
32.4 32.64 25.56 19.81 10.17 0 7.15 22 35.45 
34.8 35.72 25.75 19.3 9.4 7.62 0 27.8 40.33 
26.95 36.64 35.98 34.07 30.07 23.42 27.89 0 13.93 
25.62 35.31 39.13 41.53 40.23 35.44 44.24 13.97 0 
GEN 0 252.330000
GEN 0 245.500000
TIEMPO 0 245.500000
GEN 0 239.420000
GEN 0 228.940000
GEN 0 253.190000
TIEMPO 0 239.420000
TIEMPO 0 253.190000
GEN 0 245.240000
GEN 0 242.910000
TIEMPO 0 242.910000
GEN 0 274.390000
TIEMPO 0 274.390000
TIEMPO 0 228.940000
TIEMPO 0 245.240000
GEN 0 261.530000
TIEMPO 0 247.860000
GREEDY 0 0.006524
GEN 0 243.950000
GEN 0 267.280000
TIEMPO 0 243.950000
TIEMPO 0 267.280000
GEN 0 269.920000
TIEMPO 0 239.960000
GREEDY 0 0.009493
GEN 0 265.900000
GEN 0 247.660000
TIEMPO 0 243.580000
TIEMPO 0 247.660000
GEN 0 218.030000
GEN 0 258.560000
TIEMPO 0 218.030000
TIEMPO 0 258.560000
GREEDY 0 0.010498
GEN 0 277.730000
GEN 0 272.380000
GEN 0 251.050000
GEN 0 254.720000
TIEMPO 0 250.150000
TIEMPO 0 261.540000
TIEMPO 0 254.720000
TIEMPO 0 251.050000
GEN 0 252.150000
TIEMPO 0 252.150000
GREEDY 0 0.001150
GEN 0 246.760000
TIEMPO 0 235.860000
GREEDY 0 0.004890
GREEDY 0 0.006768
GREEDY 0 0.005934
GEN 0 273.370000
TIEMPO 0 273.370000
TIEMPO 0 252.330000
GREEDY 0 0.008848
GEN 0 233.200000
TIEMPO 0 233.200000
GREEDY 0 0.005152
GREEDY 0 0.015143
GREEDY 0 0.020988
GREEDY 0 0.018379
GREEDY 0 0.020846
GREEDY 0 0.025039
GREEDY 0 0.046887
GREEDY 0 0.049970
GREEDY 0 0.060217
GREEDY 0 0.056691
GEN 2500 173.170000
GEN 2500 168.450000
GEN 2500 168.450000
GREEDY 0 0.146161
GREEDY 0 0.147992
GEN 2500 168.450000
GEN 2500 173.810000
GEN 2500 170.390000
GEN 2500 180.820000
GEN 2500 168.450000
GEN 2500 173.280000
GEN 2500 174.360000
GEN 2500 170.390000
GEN 2500 168.450000
GEN 5000 172.930000
GEN 2500 173.810000
GEN 2500 168.450000
GEN 2500 172.930000
GEN 5000 168.450000
GEN 2500 168.450000
GEN 2500 168.450000
GEN 2500 173.280000
GEN 2500 168.450000
GEN 2500 173.280000
GEN 2500 168.450000
GEN 2500 168.450000
GEN 2500 168.450000
GEN 2500 173.170000
GEN 5000 168.450000
GREEDY 0 0.301834
GEN 5000 168.450000
GEN 5000 170.390000
GEN 5000 168.450000
GEN 5000 174.360000
GEN 5000 168.450000
GEN 5000 180.820000
GEN 7500 172.930000
GEN 7500 168.450000
GEN 5000 168.450000
GEN 5000 173.810000
GEN 5000 168.450000
GEN 5000 173.280000
GEN 5000 168.450000
GEN 5000 173.280000
GEN 5000 172.930000
GEN 5000 168.450000
GEN 5000 168.450000
GEN 5000 168.450000
GEN 5000 173.280000
GEN 5000 168.450000
GEN 5000 168.450000
GEN 7500 170.390000
GEN 5000 173.170000
GEN 7500 168.450000
GEN 7500 174.360000
GEN 7500 168.450000
GEN 7500 168.450000
GEN 7500 168.450000
GEN 10000 168.450000
TIEMPO 0.437812 168.450000
GREEDY 0 0.451109
GEN 7500 170.390000
GEN 7500 171.630000
GEN 7500 168.450000
GEN 10000 172.930000
TIEMPO 0.469727 172.930000
GEN 7500 173.810000
GEN 7500 168.450000
GEN 7500 168.450000
GEN 7500 172.930000
GEN 7500 168.450000
GEN 10000 170.390000
TIEMPO 0.495882 170.390000
GEN 7500 168.450000
GEN 7500 168.450000
GEN 7500 173.280000
GEN 10000 174.360000
TIEMPO 0.505468 174.360000
GEN 7500 173.280000
GEN 7500 168.450000
GEN 7500 168.450000
GEN 7500 173.170000
GEN 10000 168.450000
TIEMPO 0.526023 168.450000
GEN 10000 168.450000
TIEMPO 0.544941 168.450000
GEN 10000 170.390000
TIEMPO 0.531607 170.390000
GEN 10000 168.450000
TIEMPO 0.558373 168.450000
GEN 10000 168.450000
TIEMPO 0.547216 168.450000
GEN 10000 168.450000
TIEMPO 0.565935 168.450000
GEN 10000 168.450000
TIEMPO 0.579308 168.450000
GEN 10000 168.450000
TIEMPO 0.584106 168.450000
GEN 10000 173.810000
TIEMPO 0.583874 173.810000
GEN 10000 168.450000
TIEMPO 0.578391 168.450000
GEN 10000 168.450000
TIEMPO 0.597549 168.450000
GEN 10000 172.930000
TIEMPO 0.605274 172.930000
GEN 10000 168.450000
TIEMPO 0.619991 168.450000
GEN 10000 173.280000
GEN 10000 168.450000
TIEMPO 0.628717 168.450000
TIEMPO 0.621762 173.280000
GEN 10000 168.450000
GEN 10000 168.450000
TIEMPO 0.634210 168.450000
TIEMPO 0.635094 168.450000
GEN 10000 173.170000
TIEMPO 0.645458 173.170000
GEN 10000 168.450000
TIEMPO 0.676780 168.450000
GEN 5000 168.450000
GEN 7500 168.450000
TIEMPO 1 168.450000
GEN 10000 168.450000
TIEMPO 1.187356 168.450000

 Current State ---------------------------------------------
Solution:  7 8 9 0 0 0 0 4 5 6 0 1 2 3 0 0 0 Fitness: 168.45

 :( ---------------------- THE END --------------- :) 
