Dimension>17
Bandera>10
Fitness Greedy Costo>173.28
Solucion Greedy Costo>1 2 3 4 0 7 8 9 0 5 6 0 0 0 0 0 0 
Linea Vacia>
Matriz de Costos>
0 11.72 21.73 30.86 30.13 31.1 36.44 24.99 25.58 
9.9 0 14.5 23.66 28.26 32.05 37.39 35.78 36.37 
22.99 15.1 0 8.54 14.38 20.72 26.23 33.79 41.54 
27.96 20.08 7.19 0 12.29 18.89 24.15 35.31 41.58 
29.72 29.45 16.87 11.32 0 8.43 11.96 30.36 40.52 
32.4 32.64 25.56 19.81 10.17 0 7.15 22 35.45 
34.8 35.72 25.75 19.3 9.4 7.62 0 27.8 40.33 
26.95 36.64 35.98 34.07 30.07 23.42 27.89 0 13.93 
25.62 35.31 39.13 41.53 40.23 35.44 44.24 13.97 0 
Dimension>17
Bandera>10
Fitness Greedy Costo>173.28
Solucion Greedy Costo>1 2 3 4 0 7 8 9 0 5 6 0 0 0 0 0 0 
Linea Vacia>
Matriz de Costos>
0 11.72 21.73 30.86 30.13 31.1 36.44 24.99 25.58 
9.9 0 14.5 23.66 28.26 32.05 37.39 35.78 36.37 
22.99 15.1 0 8.54 14.38 20.72 26.23 33.79 41.54 
27.96 20.08 7.19 0 12.29 18.89 24.15 35.31 41.58 
29.72 29.45 16.87 11.32 0 8.43 11.96 30.36 40.52 
32.4 32.64 25.56 19.81 10.17 0 7.15 22 35.45 
34.8 35.72 25.75 19.3 9.4 7.62 0 27.8 40.33 
26.95 36.64 35.98 34.07 30.07 23.42 27.89 0 13.93 
25.62 35.31 39.13 41.53 40.23 35.44 44.24 13.97 0 
Dimension>17
Bandera>10
Fitness Greedy Costo>173.28
Solucion Greedy Costo>1 2 3 4 0 7 8 9 0 5 6 0 0 0 0 0 0 
Linea Vacia>
Matriz de Costos>
0 11.72 21.73 30.86 30.13 31.1 36.44 24.99 25.58 
9.9 0 14.5 23.66 28.26 32.05 37.39 35.78 36.37 
22.99 15.1 0 8.54 14.38 20.72 26.23 33.79 41.54 
27.96 20.08 7.19 0 12.29 18.89 24.15 35.31 41.58 
29.72 29.45 16.87 11.32 0 8.43 11.96 30.36 40.52 
32.4 32.64 25.56 19.81 10.17 0 7.15 22 35.45 
34.8 35.72 25.75 19.3 9.4 7.62 0 27.8 40.33 
26.95 36.64 35.98 34.07 30.07 23.42 27.89 0 13.93 
25.62 35.31 39.13 41.53 40.23 35.44 44.24 13.97 0 
Dimension>17
Bandera>10
Fitness Greedy Costo>173.28
Solucion Greedy Costo>1 2 3 4 0 7 8 9 0 5 6 0 0 0 0 0 0 
Linea Vacia>
Matriz de Costos>
0 11.72 21.73 30.86 30.13 31.1 36.44 24.99 25.58 
9.9 0 14.5 23.66 28.26 32.05 37.39 35.78 36.37 
22.99 15.1 0 8.54 14.38 20.72 26.23 33.79 41.54 
27.96 20.08 7.19 0 12.29 18.89 24.15 35.31 41.58 
29.72 29.45 16.87 11.32 0 8.43 11.96 30.36 40.52 
32.4 32.64 25.56 19.81 10.17 0 7.15 22 35.45 
34.8 35.72 25.75 19.3 9.4 7.62 0 27.8 40.33 
26.95 36.64 35.98 34.07 30.07 23.42 27.89 0 13.93 
25.62 35.31 39.13 41.53 40.23 35.44 44.24 13.97 0 
Dimension>17
Bandera>10
Fitness Greedy Costo>173.28
Solucion Greedy Costo>1 2 3 4 0 7 8 9 0 5 6 0 0 0 0 0 0 
Linea Vacia>
Matriz de Costos>
0 11.72 21.73 30.86 30.13 31.1 36.44 24.99 25.58 
9.9 0 14.5 23.66 28.26 32.05 37.39 35.78 36.37 
22.99 15.1 0 8.54 14.38 20.72 26.23 33.79 41.54 
27.96 20.08 7.19 0 12.29 18.89 24.15 35.31 41.58 
29.72 29.45 16.87 11.32 0 8.43 11.96 30.36 40.52 
32.4 32.64 25.56 19.81 10.17 0 7.15 22 35.45 
34.8 35.72 25.75 19.3 9.4 7.62 0 27.8 40.33 
26.95 36.64 35.98 34.07 30.07 23.42 27.89 0 13.93 
25.62 35.31 39.13 41.53 40.23 35.44 44.24 13.97 0 
Dimension>17
Bandera>10
Fitness Greedy Costo>173.28
Solucion Greedy Costo>1 2 3 4 0 7 8 9 0 5 6 0 0 0 0 0 0 
Linea Vacia>
Matriz de Costos>
0 11.72 21.73 30.86 30.13 31.1 36.44 24.99 25.58 
9.9 0 14.5 23.66 28.26 32.05 37.39 35.78 36.37 
22.99 15.1 0 8.54 14.38 20.72 26.23 33.79 41.54 
27.96 20.08 7.19 0 12.29 18.89 24.15 35.31 41.58 
29.72 29.45 16.87 11.32 0 8.43 11.96 30.36 40.52 
32.4 32.64 25.56 19.81 10.17 0 7.15 22 35.45 
34.8 35.72 25.75 19.3 9.4 7.62 0 27.8 40.33 
26.95 36.64 35.98 34.07 30.07 23.42 27.89 0 13.93 
25.62 35.31 39.13 41.53 40.23 35.44 44.24 13.97 0 
Dimension>17
Bandera>10
Fitness Greedy Costo>173.28
Solucion Greedy Costo>1 2 3 4 0 7 8 9 0 5 6 0 0 0 0 0 0 
Linea Vacia>
Dimension>17
Bandera>10
Fitness Greedy Costo>173.28
Solucion Greedy Costo>1 2 3 4 0 7 8 9 0 5 6 0 0 0 0 0 0 
Linea Vacia>
Dimension>17
Matriz de Costos>
0 11.72 21.73 30.86 30.13 31.1 36.44 24.99 25.58 
9.9 0 14.5 23.66 28.26 32.05 37.39 35.78 36.37 
22.99 15.1 0 8.54 14.38 20.72 26.23 33.79 41.54 
27.96 20.08 7.19 0 12.29 18.89 24.15 35.31 41.58 
29.72 29.45 16.87 11.32 0 8.43 11.96 30.36 40.52 
32.4 32.64 25.56 19.81 10.17 0 7.15 22 35.45 
Matriz de Costos>
0 11.72 21.73 30.86 30.13 31.1 36.44 24.99 25.58 
9.9 0 14.5 23.66 28.26 32.05 37.39 35.78 36.37 
Bandera>10
Fitness Greedy Costo>173.28
34.8 35.72 25.75 19.3 9.4 7.62 0 27.8 40.33 
26.95 36.64 35.98 34.07 30.07 23.42 27.89 0 13.93 
22.99 15.1 0 8.54 14.38 20.72 26.23 33.79 41.54 
27.96 20.08 7.19 0 12.29 18.89 24.15 35.31 41.58 
Solucion Greedy Costo>1 2 3 4 0 7 8 9 0 5 6 0 0 0 0 0 0 
Linea Vacia>
25.62 35.31 39.13 41.53 40.23 35.44 44.24 13.97 0 
29.72 29.45 16.87 11.32 0 8.43 11.96 30.36 40.52 
32.4 32.64 25.56 19.81 10.17 0 7.15 22 35.45 
34.8 35.72 25.75 19.3 9.4 7.62 0 27.8 40.33 
26.95 36.64 35.98 34.07 30.07 23.42 27.89 0 13.93 
25.62 35.31 39.13 41.53 40.23 35.44 44.24 13.97 0 
Matriz de Costos>
0 11.72 21.73 30.86 30.13 31.1 36.44 24.99 25.58 
9.9 0 14.5 23.66 28.26 32.05 37.39 35.78 36.37 
22.99 15.1 0 8.54 14.38 20.72 26.23 33.79 41.54 
27.96 20.08 7.19 0 12.29 18.89 24.15 35.31 41.58 
29.72 29.45 16.87 11.32 0 8.43 11.96 30.36 40.52 
Dimension>17
32.4 32.64 25.56 19.81 10.17 0 7.15 22 35.45 
34.8 35.72 25.75 19.3 9.4 7.62 0 27.8 40.33 
Bandera>10
Fitness Greedy Costo>173.28
Solucion Greedy Costo>1 2 3 4 0 7 8 9 0 5 6 0 0 0 0 0 0 
26.95 36.64 35.98 34.07 30.07 23.42 27.89 0 13.93 
25.62 35.31 39.13 41.53 40.23 35.44 44.24 13.97 0 
Linea Vacia>
Matriz de Costos>
0 11.72 21.73 30.86 30.13 31.1 36.44 24.99 25.58 
9.9 0 14.5 23.66 28.26 32.05 37.39 35.78 36.37 
22.99 15.1 0 8.54 14.38 20.72 26.23 33.79 41.54 
27.96 20.08 7.19 0 12.29 18.89 24.15 35.31 41.58 
29.72 29.45 16.87 11.32 0 8.43 11.96 30.36 40.52 
32.4 32.64 25.56 19.81 10.17 0 7.15 22 35.45 
34.8 35.72 25.75 19.3 9.4 7.62 0 27.8 40.33 
26.95 36.64 35.98 34.07 30.07 23.42 27.89 0 13.93 
25.62 35.31 39.13 41.53 40.23 35.44 44.24 13.97 0 
Dimension>17
Bandera>10
Fitness Greedy Costo>173.28
Solucion Greedy Costo>1 2 3 4 0 7 8 9 0 5 6 0 0 0 0 0 0 
Linea Vacia>
Dimension>17
Matriz de Costos>
0 11.72 21.73 30.86 30.13 31.1 36.44 24.99 25.58 
9.9 0 14.5 23.66 28.26 32.05 37.39 35.78 36.37 
22.99 15.1 0 8.54 14.38 20.72 26.23 33.79 41.54 
27.96 20.08 7.19 0 12.29 18.89 24.15 35.31 41.58 
Bandera>10
Fitness Greedy Costo>173.28
Solucion Greedy Costo>1 2 3 4 0 7 8 9 0 5 6 0 0 0 0 0 0 
Linea Vacia>
29.72 29.45 16.87 11.32 0 8.43 11.96 30.36 40.52 
32.4 32.64 25.56 19.81 10.17 0 7.15 22 35.45 
34.8 35.72 25.75 19.3 9.4 7.62 0 27.8 40.33 
26.95 36.64 35.98 34.07 30.07 23.42 27.89 0 13.93 
25.62 35.31 39.13 41.53 40.23 35.44 44.24 13.97 0 
Matriz de Costos>
0 11.72 21.73 30.86 30.13 31.1 36.44 24.99 25.58 
9.9 0 14.5 23.66 28.26 32.05 37.39 35.78 36.37 
22.99 15.1 0 8.54 14.38 20.72 26.23 33.79 41.54 
27.96 20.08 7.19 0 12.29 18.89 24.15 35.31 41.58 
29.72 29.45 16.87 11.32 0 8.43 11.96 30.36 40.52 
32.4 32.64 25.56 19.81 10.17 0 7.15 22 35.45 
34.8 35.72 25.75 19.3 9.4 7.62 0 27.8 40.33 
26.95 36.64 35.98 34.07 30.07 23.42 27.89 0 13.93 
25.62 35.31 39.13 41.53 40.23 35.44 44.24 13.97 0 
Dimension>17
Bandera>10
Fitness Greedy Costo>173.28
Solucion Greedy Costo>1 2 3 4 0 7 8 9 0 5 6 0 0 0 0 0 0 
Linea Vacia>
Matriz de Costos>
Dimension>17
Bandera>10
Fitness Greedy Costo>173.28
Solucion Greedy Costo>1 2 3 4 0 7 8 9 0 5 6 0 0 0 0 0 0 
Linea Vacia>
0 11.72 21.73 30.86 30.13 31.1 36.44 24.99 25.58 
9.9 0 14.5 23.66 28.26 32.05 37.39 35.78 36.37 
22.99 15.1 0 8.54 14.38 20.72 26.23 33.79 41.54 
27.96 20.08 7.19 0 12.29 18.89 24.15 35.31 41.58 
29.72 29.45 16.87 11.32 0 8.43 11.96 30.36 40.52 
Matriz de Costos>
0 11.72 21.73 30.86 30.13 31.1 36.44 24.99 25.58 
9.9 0 14.5 23.66 28.26 32.05 37.39 35.78 36.37 
22.99 15.1 0 8.54 14.38 20.72 26.23 33.79 41.54 
Dimension>17
Bandera>10
32.4 32.64 25.56 19.81 10.17 0 7.15 22 35.45 
34.8 35.72 25.75 19.3 9.4 7.62 0 27.8 40.33 
26.95 36.64 35.98 34.07 30.07 23.42 27.89 0 13.93 
27.96 20.08 7.19 0 12.29 18.89 24.15 35.31 41.58 
29.72 29.45 16.87 11.32 0 8.43 11.96 30.36 40.52 
32.4 32.64 25.56 19.81 10.17 0 7.15 22 35.45 
34.8 35.72 25.75 19.3 9.4 7.62 0 27.8 40.33 
26.95 36.64 35.98 34.07 30.07 23.42 27.89 0 13.93 
Fitness Greedy Costo>173.28
Solucion Greedy Costo>1 2 3 4 0 7 8 9 0 5 6 0 0 0 0 0 0 
Linea Vacia>
25.62 35.31 39.13 41.53 40.23 35.44 44.24 13.97 0 
25.62 35.31 39.13 41.53 40.23 35.44 44.24 13.97 0 
Matriz de Costos>
0 11.72 21.73 30.86 30.13 31.1 36.44 24.99 25.58 
9.9 0 14.5 23.66 28.26 32.05 37.39 35.78 36.37 
22.99 15.1 0 8.54 14.38 20.72 26.23 33.79 41.54 
27.96 20.08 7.19 0 12.29 18.89 24.15 35.31 41.58 
29.72 29.45 16.87 11.32 0 8.43 11.96 30.36 40.52 
32.4 32.64 25.56 19.81 10.17 0 7.15 22 35.45 
34.8 35.72 25.75 19.3 9.4 7.62 0 27.8 40.33 
26.95 36.64 35.98 34.07 30.07 23.42 27.89 0 13.93 
25.62 35.31 39.13 41.53 40.23 35.44 44.24 13.97 0 
Dimension>17
Dimension>17
Bandera>10
Fitness Greedy Costo>173.28
Solucion Greedy Costo>1 2 3 4 0 7 8 9 0 5 6 0 0 0 0 0 0 
Linea Vacia>
Bandera>10
Fitness Greedy Costo>173.28
Solucion Greedy Costo>1 2 3 4 0 7 8 9 0 5 6 0 0 0 0 0 0 
Linea Vacia>
Matriz de Costos>
0 11.72 21.73 30.86 30.13 31.1 36.44 24.99 25.58 
9.9 0 14.5 23.66 28.26 32.05 37.39 35.78 36.37 
22.99 15.1 0 8.54 14.38 20.72 26.23 33.79 41.54 
Dimension>17
Bandera>10
Fitness Greedy Costo>173.28
Solucion Greedy Costo>1 2 3 4 0 7 8 9 0 5 6 0 0 0 0 0 0 
Linea Vacia>
Matriz de Costos>
0 11.72 21.73 30.86 30.13 31.1 36.44 24.99 25.58 
9.9 0 14.5 23.66 28.26 32.05 37.39 35.78 36.37 
22.99 15.1 0 8.54 14.38 20.72 26.23 33.79 41.54 
27.96 20.08 7.19 0 12.29 18.89 24.15 35.31 41.58 
29.72 29.45 16.87 11.32 0 8.43 11.96 30.36 40.52 
32.4 32.64 25.56 19.81 10.17 0 7.15 22 35.45 
34.8 35.72 25.75 19.3 9.4 7.62 0 27.8 40.33 
26.95 36.64 35.98 34.07 30.07 23.42 27.89 0 13.93 
25.62 35.31 39.13 41.53 40.23 35.44 44.24 13.97 0 
27.96 20.08 7.19 0 12.29 18.89 24.15 35.31 41.58 
29.72 29.45 16.87 11.32 0 8.43 11.96 30.36 40.52 
32.4 32.64 25.56 19.81 10.17 0 7.15 22 35.45 
34.8 35.72 25.75 19.3 9.4 7.62 0 27.8 40.33 
26.95 36.64 35.98 34.07 30.07 23.42 27.89 0 13.93 
25.62 35.31 39.13 41.53 40.23 35.44 44.24 13.97 0 
Matriz de Costos>
0 11.72 21.73 30.86 30.13 31.1 36.44 24.99 25.58 
9.9 0 14.5 23.66 28.26 32.05 37.39 35.78 36.37 
22.99 15.1 0 8.54 14.38 20.72 26.23 33.79 41.54 
27.96 20.08 7.19 0 12.29 18.89 24.15 35.31 41.58 
Dimension>17
Bandera>10
29.72 29.45 16.87 11.32 0 8.43 11.96 30.36 40.52 
32.4 32.64 25.56 19.81 10.17 0 7.15 22 35.45 
34.8 35.72 25.75 19.3 9.4 7.62 0 27.8 40.33 
Fitness Greedy Costo>173.28
Solucion Greedy Costo>1 2 3 4 0 7 8 9 0 5 6 0 0 0 0 0 0 
Linea Vacia>
Dimension>17
Bandera>10
Fitness Greedy Costo>173.28
Solucion Greedy Costo>1 2 3 4 0 7 8 9 0 5 6 0 0 0 0 0 0 
Linea Vacia>
26.95 36.64 35.98 34.07 30.07 23.42 27.89 0 13.93 
25.62 35.31 39.13 41.53 40.23 35.44 44.24 13.97 0 
Matriz de Costos>
0 11.72 21.73 30.86 30.13 31.1 36.44 24.99 25.58 
9.9 0 14.5 23.66 28.26 32.05 37.39 35.78 36.37 
22.99 15.1 0 8.54 14.38 20.72 26.23 33.79 41.54 
Matriz de Costos>
0 11.72 21.73 30.86 30.13 31.1 36.44 24.99 25.58 
9.9 0 14.5 23.66 28.26 32.05 37.39 35.78 36.37 
22.99 15.1 0 8.54 14.38 20.72 26.23 33.79 41.54 
27.96 20.08 7.19 0 12.29 18.89 24.15 35.31 41.58 
29.72 29.45 16.87 11.32 0 8.43 11.96 30.36 40.52 
32.4 32.64 25.56 19.81 10.17 0 7.15 22 35.45 
34.8 35.72 25.75 19.3 9.4 7.62 0 27.8 40.33 
26.95 36.64 35.98 34.07 30.07 23.42 27.89 0 13.93 
27.96 20.08 7.19 0 12.29 18.89 24.15 35.31 41.58 
29.72 29.45 16.87 11.32 0 8.43 11.96 30.36 40.52 
32.4 32.64 25.56 19.81 10.17 0 7.15 22 35.45 
34.8 35.72 25.75 19.3 9.4 7.62 0 27.8 40.33 
25.62 35.31 39.13 41.53 40.23 35.44 44.24 13.97 0 
26.95 36.64 35.98 34.07 30.07 23.42 27.89 0 13.93 
25.62 35.31 39.13 41.53 40.23 35.44 44.24 13.97 0 
Dimension>17
Bandera>10
Fitness Greedy Costo>173.28
Solucion Greedy Costo>1 2 3 4 0 7 8 9 0 5 6 0 0 0 0 0 0 
Linea Vacia>
Dimension>17
Bandera>10
Fitness Greedy Costo>173.28
Solucion Greedy Costo>1 2 3 4 0 7 8 9 0 5 6 0 0 0 0 0 0 
Linea Vacia>
Matriz de Costos>
0 11.72 21.73 30.86 30.13 31.1 36.44 24.99 25.58 
9.9 0 14.5 23.66 28.26 32.05 37.39 35.78 36.37 
22.99 15.1 0 8.54 14.38 20.72 26.23 33.79 41.54 
27.96 20.08 7.19 0 12.29 18.89 24.15 35.31 41.58 
29.72 29.45 16.87 11.32 0 8.43 11.96 30.36 40.52 
Matriz de Costos>
0 11.72 21.73 30.86 30.13 31.1 36.44 24.99 25.58 
9.9 0 14.5 23.66 28.26 32.05 37.39 35.78 36.37 
32.4 32.64 25.56 19.81 10.17 0 7.15 22 35.45 
34.8 35.72 25.75 19.3 9.4 7.62 0 27.8 40.33 
22.99 15.1 0 8.54 14.38 20.72 26.23 33.79 41.54 
27.96 20.08 7.19 0 12.29 18.89 24.15 35.31 41.58 
29.72 29.45 16.87 11.32 0 8.43 11.96 30.36 40.52 
26.95 36.64 35.98 34.07 30.07 23.42 27.89 0 13.93 
32.4 32.64 25.56 19.81 10.17 0 7.15 22 35.45 
34.8 35.72 25.75 19.3 9.4 7.62 0 27.8 40.33 
25.62 35.31 39.13 41.53 40.23 35.44 44.24 13.97 0 
Dimension>17
26.95 36.64 35.98 34.07 30.07 23.42 27.89 0 13.93 
25.62 35.31 39.13 41.53 40.23 35.44 44.24 13.97 0 
Bandera>10
Fitness Greedy Costo>173.28
Solucion Greedy Costo>1 2 3 4 0 7 8 9 0 5 6 0 0 0 0 0 0 
Linea Vacia>
Matriz de Costos>
0 11.72 21.73 30.86 30.13 31.1 36.44 24.99 25.58 
9.9 0 14.5 23.66 28.26 32.05 37.39 35.78 36.37 
22.99 15.1 0 8.54 14.38 20.72 26.23 33.79 41.54 
27.96 20.08 7.19 0 12.29 18.89 24.15 35.31 41.58 
29.72 29.45 16.87 11.32 0 8.43 11.96 30.36 40.52 
32.4 32.64 25.56 19.81 10.17 0 7.15 22 35.45 
34.8 35.72 25.75 19.3 9.4 7.62 0 27.8 40.33 
26.95 36.64 35.98 34.07 30.07 23.42 27.89 0 13.93 
25.62 35.31 39.13 41.53 40.23 35.44 44.24 13.97 0 
Dimension>17
Bandera>10
Fitness Greedy Costo>173.28
Solucion Greedy Costo>1 2 3 4 0 7 8 9 0 5 6 0 0 0 0 0 0 
Linea Vacia>
Matriz de Costos>
0 11.72 21.73 30.86 30.13 31.1 36.44 24.99 25.58 
9.9 0 14.5 23.66 28.26 32.05 37.39 35.78 36.37 
22.99 15.1 0 8.54 14.38 20.72 26.23 33.79 41.54 
27.96 20.08 7.19 0 12.29 18.89 24.15 35.31 41.58 
Dimension>17
Bandera>10
Fitness Greedy Costo>173.28
29.72 29.45 16.87 11.32 0 8.43 11.96 30.36 40.52 
32.4 32.64 25.56 19.81 10.17 0 7.15 22 35.45 
Solucion Greedy Costo>1 2 3 4 0 7 8 9 0 5 6 0 0 0 0 0 0 
Linea Vacia>
34.8 35.72 25.75 19.3 9.4 7.62 0 27.8 40.33 
26.95 36.64 35.98 34.07 30.07 23.42 27.89 0 13.93 
25.62 35.31 39.13 41.53 40.23 35.44 44.24 13.97 0 
Matriz de Costos>
0 11.72 21.73 30.86 30.13 31.1 36.44 24.99 25.58 
9.9 0 14.5 23.66 28.26 32.05 37.39 35.78 36.37 
22.99 15.1 0 8.54 14.38 20.72 26.23 33.79 41.54 
27.96 20.08 7.19 0 12.29 18.89 24.15 35.31 41.58 
29.72 29.45 16.87 11.32 0 8.43 11.96 30.36 40.52 
32.4 32.64 25.56 19.81 10.17 0 7.15 22 35.45 
34.8 35.72 25.75 19.3 9.4 7.62 0 27.8 40.33 
26.95 36.64 35.98 34.07 30.07 23.42 27.89 0 13.93 
25.62 35.31 39.13 41.53 40.23 35.44 44.24 13.97 0 
GEN 0 245.240000
GEN 0 261.530000
GEN 0 267.360000
GEN 0 274.390000
GEN 0 252.330000
GEN 0 243.950000
GEN 0 252.150000
GEN 0 228.890000
GEN 0 270.940000
GEN 0 283.210000
TIEMPO 0 268.400000
GEN 0 280.010000
TIEMPO 0 245.240000
GEN 0 269.920000
GEN 0 233.200000
TIEMPO 0 252.150000
TIEMPO 0 247.860000
TIEMPO 0 267.360000
TIEMPO 0 228.890000
TIEMPO 0 249.930000
TIEMPO 0 267.440000
TIEMPO 0 274.390000
TIEMPO 0 243.950000
GEN 0 240.500000
TIEMPO 0 239.960000
TIEMPO 0 252.330000
TIEMPO 0 233.200000
TIEMPO 0 240.500000
GEN 0 241.050000
TIEMPO 0 241.050000
GREEDY 0 0.001501
GEN 0 265.740000
TIEMPO 0 262.930000
GEN 0 242.910000
TIEMPO 0 242.910000
GREEDY 0 0.003892
GREEDY 0 0.003974
GREEDY 0 0.006021
GREEDY 0 0.006732
GREEDY 0 0.008409
GREEDY 0 0.008538
GEN 0 218.030000
TIEMPO 0 218.030000
GEN 0 277.730000
GEN 0 246.760000
GEN 0 272.380000
TIEMPO 0 250.150000
GEN 0 251.050000
TIEMPO 0 235.860000
TIEMPO 0 261.540000
TIEMPO 0 251.050000
GREEDY 0 0.010496
GREEDY 0 0.001080
GREEDY 0 0.012580
GREEDY 0 0.003815
GEN 0 258.560000
TIEMPO 0 258.560000
GREEDY 0 0.008904
GREEDY 0 0.005290
GEN 0 267.280000
TIEMPO 0 267.280000
GREEDY 0 0.011716
GREEDY 0 0.003246
GREEDY 0 0.027818
GREEDY 0 0.043348
GREEDY 0 0.051094
GREEDY 0 0.053291
GREEDY 0 0.065632
GREEDY 0 0.065868
GEN 2500 168.450000
GEN 2500 180.820000
GEN 2500 168.450000
GEN 2500 168.450000
GEN 2500 168.450000
GEN 2500 168.450000
GEN 2500 168.450000
GEN 2500 168.450000
GEN 2500 168.450000
GEN 2500 168.450000
GEN 2500 172.930000
GEN 2500 173.280000
GEN 5000 168.450000
GEN 2500 173.280000
GEN 5000 180.820000
GEN 5000 168.450000
GEN 5000 168.450000
GEN 5000 168.450000
GEN 5000 168.450000
GEN 2500 170.390000
GEN 2500 174.360000
GEN 2500 173.810000
GEN 2500 168.450000
GEN 2500 168.450000
GEN 2500 168.450000
GEN 2500 168.450000
GEN 2500 168.450000
GEN 2500 172.930000
GEN 2500 173.280000
GEN 7500 168.450000
GEN 2500 173.170000
GREEDY 0 0.303076
GEN 7500 171.630000
GEN 5000 168.450000
GEN 7500 168.450000
GEN 5000 168.450000
GEN 7500 168.450000
GEN 7500 168.450000
GEN 7500 168.450000
GEN 5000 168.450000
GEN 10000 168.450000
TIEMPO 0.369800 168.450000
GEN 5000 168.450000
GEN 5000 168.450000
GEN 5000 173.280000
GEN 10000 168.450000
TIEMPO 0.417527 168.450000
GEN 5000 172.930000
GEN 10000 168.450000
TIEMPO 0.420327 168.450000
GEN 10000 168.450000
TIEMPO 0.433491 168.450000
GEN 10000 168.450000
TIEMPO 0.436297 168.450000
GEN 7500 168.450000
GEN 10000 168.450000
TIEMPO 0.450844 168.450000
GEN 5000 174.360000
GEN 5000 168.450000
GEN 5000 168.450000
GEN 5000 170.390000
GEN 5000 173.810000
GEN 7500 168.450000
GEN 5000 173.280000
GEN 5000 168.450000
GEN 5000 172.930000
GEN 5000 168.450000
GEN 5000 173.280000
GEN 5000 173.170000
GEN 10000 168.450000
TIEMPO 0.538830 168.450000
GEN 7500 168.450000
GEN 10000 168.450000
TIEMPO 0.589857 168.450000
GEN 7500 168.450000
GEN 7500 168.450000
GEN 7500 173.280000
GEN 7500 172.930000
GEN 7500 170.390000
GEN 7500 174.360000
GEN 7500 168.450000
GEN 7500 173.810000
GEN 7500 168.450000
GEN 7500 168.450000
GEN 7500 170.390000
GEN 7500 172.930000
GEN 7500 173.170000
GEN 7500 173.280000
GEN 7500 168.450000
GEN 10000 168.450000
TIEMPO 0.785849 168.450000
GEN 10000 168.450000
TIEMPO 0.871116 168.450000
GEN 10000 168.450000
TIEMPO 0.872750 168.450000
GEN 10000 168.450000
TIEMPO 0.863639 168.450000
GEN 10000 172.930000
TIEMPO 0.902360 172.930000
GEN 10000 174.360000
TIEMPO 0.945808 174.360000
GEN 10000 168.450000
TIEMPO 0.944349 168.450000
GEN 10000 173.810000
TIEMPO 0.948690 173.810000
GEN 10000 168.450000
TIEMPO 0.962749 168.450000
GEN 10000 168.450000
TIEMPO 0.963198 168.450000
GEN 10000 168.450000
TIEMPO 0.963286 168.450000
GEN 10000 172.930000
TIEMPO 0.983619 172.930000
GEN 10000 170.390000
TIEMPO 0.988997 170.390000
GEN 10000 173.170000
TIEMPO 0.975162 173.170000
GEN 10000 168.450000
TIEMPO 0.986145 168.450000
GEN 10000 173.280000
TIEMPO 0.975508 173.280000

 Current State ---------------------------------------------
Solution:  7 8 9 0 0 0 0 4 5 6 0 1 2 3 0 0 0 Fitness: 168.45

 :( ---------------------- THE END --------------- :) 
