Dimension>17
Bandera>10
Fitness Greedy Costo>173.28
Solucion Greedy Costo>1 2 3 4 0 7 8 9 0 5 6 0 0 0 0 0 0 
Linea Vacia>
Matriz de Costos>
0 11.72 21.73 30.86 30.13 31.1 36.44 24.99 25.58 
9.9 0 14.5 23.66 28.26 32.05 37.39 35.78 36.37 
22.99 15.1 0 8.54 14.38 20.72 26.23 33.79 41.54 
27.96 20.08 7.19 0 12.29 18.89 24.15 35.31 41.58 
29.72 29.45 16.87 11.32 0 8.43 11.96 30.36 40.52 
32.4 32.64 25.56 19.81 10.17 0 7.15 22 35.45 
34.8 35.72 25.75 19.3 9.4 7.62 0 27.8 40.33 
Dimension>17
Bandera>10
Fitness Greedy Costo>173.28
Solucion Greedy Costo>1 2 3 4 0 7 8 9 0 5 6 0 0 0 0 0 0 
Linea Vacia>
Matriz de Costos>
0 11.72 21.73 30.86 30.13 31.1 36.44 24.99 25.58 
9.9 0 14.5 23.66 28.26 32.05 37.39 35.78 36.37 
22.99 15.1 0 8.54 14.38 20.72 26.23 33.79 41.54 
27.96 20.08 7.19 0 12.29 18.89 24.15 35.31 41.58 
29.72 29.45 16.87 11.32 0 8.43 11.96 30.36 40.52 
32.4 32.64 25.56 19.81 10.17 0 7.15 22 35.45 
34.8 35.72 25.75 19.3 9.4 7.62 0 27.8 40.33 
26.95 36.64 35.98 34.07 30.07 23.42 27.89 0 13.93 
25.62 35.31 39.13 41.53 40.23 35.44 44.24 13.97 0 
Dimension>17
Bandera>10
Fitness Greedy Costo>173.28
Solucion Greedy Costo>1 2 3 4 0 7 8 9 0 5 6 0 0 0 0 0 0 
Linea Vacia>
Matriz de Costos>
0 11.72 21.73 30.86 30.13 31.1 36.44 24.99 25.58 
9.9 0 14.5 23.66 28.26 32.05 37.39 35.78 36.37 
22.99 15.1 0 8.54 14.38 20.72 26.23 33.79 41.54 
27.96 20.08 7.19 0 12.29 18.89 24.15 35.31 41.58 
29.72 29.45 16.87 11.32 0 8.43 11.96 30.36 40.52 
32.4 32.64 25.56 19.81 10.17 0 7.15 22 35.45 
34.8 35.72 25.75 19.3 9.4 7.62 0 27.8 40.33 
26.95 36.64 35.98 34.07 30.07 23.42 27.89 0 13.93 
Dimension>17
Bandera>10
Fitness Greedy Costo>173.28
Solucion Greedy Costo>1 2 3 4 0 7 8 9 0 5 6 0 0 0 0 0 0 
Linea Vacia>
Matriz de Costos>
0 11.72 21.73 30.86 30.13 31.1 36.44 24.99 25.58 
9.9 0 14.5 23.66 28.26 32.05 37.39 35.78 36.37 
22.99 15.1 0 8.54 14.38 20.72 26.23 33.79 41.54 
27.96 20.08 7.19 0 12.29 18.89 24.15 35.31 41.58 
29.72 29.45 16.87 11.32 0 8.43 11.96 30.36 40.52 
32.4 32.64 25.56 19.81 10.17 0 7.15 22 35.45 
34.8 35.72 25.75 19.3 9.4 7.62 0 27.8 40.33 
26.95 36.64 35.98 34.07 30.07 23.42 27.89 0 13.93 
25.62 35.31 39.13 41.53 40.23 35.44 44.24 13.97 0 
Dimension>17
Bandera>10
Fitness Greedy Costo>173.28
Solucion Greedy Costo>1 2 3 4 0 7 8 9 0 5 6 0 0 0 0 0 0 
Linea Vacia>
26.95 36.64 35.98 34.07 30.07 23.42 27.89 0 13.93 
25.62 35.31 39.13 41.53 40.23 35.44 44.24 13.97 0 
25.62 35.31 39.13 41.53 40.23 35.44 44.24 13.97 0 
Dimension>17
Matriz de Costos>
0 11.72 21.73 30.86 30.13 31.1 36.44 24.99 25.58 
9.9 0 14.5 23.66 28.26 32.05 37.39 35.78 36.37 
22.99 15.1 0 8.54 14.38 20.72 26.23 33.79 41.54 
Dimension>17
27.96 20.08 7.19 0 12.29 18.89 24.15 35.31 41.58 
29.72 29.45 16.87 11.32 0 8.43 11.96 30.36 40.52 
32.4 32.64 25.56 19.81 10.17 0 7.15 22 35.45 
34.8 35.72 25.75 19.3 9.4 7.62 0 27.8 40.33 
Bandera>10
Fitness Greedy Costo>173.28
Solucion Greedy Costo>1 2 3 4 0 7 8 9 0 5 6 0 0 0 0 0 0 
Linea Vacia>
Matriz de Costos>
Dimension>17
Bandera>10
Fitness Greedy Costo>173.28
Solucion Greedy Costo>1 2 3 4 0 7 8 9 0 5 6 0 0 0 0 0 0 
Linea Vacia>
26.95 36.64 35.98 34.07 30.07 23.42 27.89 0 13.93 
25.62 35.31 39.13 41.53 40.23 35.44 44.24 13.97 0 
0 11.72 21.73 30.86 30.13 31.1 36.44 24.99 25.58 
9.9 0 14.5 23.66 28.26 32.05 37.39 35.78 36.37 
22.99 15.1 0 8.54 14.38 20.72 26.23 33.79 41.54 
27.96 20.08 7.19 0 12.29 18.89 24.15 35.31 41.58 
29.72 29.45 16.87 11.32 0 8.43 11.96 30.36 40.52 
32.4 32.64 25.56 19.81 10.17 0 7.15 22 35.45 
34.8 35.72 25.75 19.3 9.4 7.62 0 27.8 40.33 
Bandera>10
Fitness Greedy Costo>173.28
Solucion Greedy Costo>1 2 3 4 0 7 8 9 0 5 6 0 0 0 0 0 0 
Linea Vacia>
Matriz de Costos>
0 11.72 21.73 30.86 30.13 31.1 36.44 24.99 25.58 
9.9 0 14.5 23.66 28.26 32.05 37.39 35.78 36.37 
22.99 15.1 0 8.54 14.38 20.72 26.23 33.79 41.54 
27.96 20.08 7.19 0 12.29 18.89 24.15 35.31 41.58 
29.72 29.45 16.87 11.32 0 8.43 11.96 30.36 40.52 
32.4 32.64 25.56 19.81 10.17 0 7.15 22 35.45 
Dimension>17
Bandera>10
Fitness Greedy Costo>173.28
Solucion Greedy Costo>1 2 3 4 0 7 8 9 0 5 6 0 0 0 0 0 0 
Linea Vacia>
Matriz de Costos>
0 11.72 21.73 30.86 30.13 31.1 36.44 24.99 25.58 
9.9 0 14.5 23.66 28.26 32.05 37.39 35.78 36.37 
26.95 36.64 35.98 34.07 30.07 23.42 27.89 0 13.93 
25.62 35.31 39.13 41.53 40.23 35.44 44.24 13.97 0 
Matriz de Costos>
0 11.72 21.73 30.86 30.13 31.1 36.44 24.99 25.58 
9.9 0 14.5 23.66 28.26 32.05 37.39 35.78 36.37 
22.99 15.1 0 8.54 14.38 20.72 26.23 33.79 41.54 
34.8 35.72 25.75 19.3 9.4 7.62 0 27.8 40.33 
26.95 36.64 35.98 34.07 30.07 23.42 27.89 0 13.93 
25.62 35.31 39.13 41.53 40.23 35.44 44.24 13.97 0 
22.99 15.1 0 8.54 14.38 20.72 26.23 33.79 41.54 
27.96 20.08 7.19 0 12.29 18.89 24.15 35.31 41.58 
29.72 29.45 16.87 11.32 0 8.43 11.96 30.36 40.52 
32.4 32.64 25.56 19.81 10.17 0 7.15 22 35.45 
27.96 20.08 7.19 0 12.29 18.89 24.15 35.31 41.58 
29.72 29.45 16.87 11.32 0 8.43 11.96 30.36 40.52 
32.4 32.64 25.56 19.81 10.17 0 7.15 22 35.45 
34.8 35.72 25.75 19.3 9.4 7.62 0 27.8 40.33 
26.95 36.64 35.98 34.07 30.07 23.42 27.89 0 13.93 
25.62 35.31 39.13 41.53 40.23 35.44 44.24 13.97 0 
34.8 35.72 25.75 19.3 9.4 7.62 0 27.8 40.33 
26.95 36.64 35.98 34.07 30.07 23.42 27.89 0 13.93 
25.62 35.31 39.13 41.53 40.23 35.44 44.24 13.97 0 
Dimension>17
Bandera>10
Fitness Greedy Costo>173.28
Solucion Greedy Costo>1 2 3 4 0 7 8 9 0 5 6 0 0 0 0 0 0 
Linea Vacia>
Dimension>17
Bandera>10
Fitness Greedy Costo>173.28
Dimension>17
Dimension>17
Bandera>10
Fitness Greedy Costo>173.28
Solucion Greedy Costo>1 2 3 4 0 7 8 9 0 5 6 0 0 0 0 0 0 
Linea Vacia>
Dimension>17
Bandera>10
Fitness Greedy Costo>173.28
Solucion Greedy Costo>1 2 3 4 0 7 8 9 0 5 6 0 0 0 0 0 0 
Linea Vacia>
Matriz de Costos>
0 11.72 21.73 30.86 30.13 31.1 36.44 24.99 25.58 
Solucion Greedy Costo>1 2 3 4 0 7 8 9 0 5 6 0 0 0 0 0 0 
Linea Vacia>
Matriz de Costos>
Bandera>10
Fitness Greedy Costo>173.28
Solucion Greedy Costo>1 2 3 4 0 7 8 9 0 5 6 0 0 0 0 0 0 
Linea Vacia>
Matriz de Costos>
0 11.72 21.73 30.86 30.13 31.1 36.44 24.99 25.58 
9.9 0 14.5 23.66 28.26 32.05 37.39 35.78 36.37 
22.99 15.1 0 8.54 14.38 20.72 26.23 33.79 41.54 
27.96 20.08 7.19 0 12.29 18.89 24.15 35.31 41.58 
29.72 29.45 16.87 11.32 0 8.43 11.96 30.36 40.52 
32.4 32.64 25.56 19.81 10.17 0 7.15 22 35.45 
34.8 35.72 25.75 19.3 9.4 7.62 0 27.8 40.33 
26.95 36.64 35.98 34.07 30.07 23.42 27.89 0 13.93 
25.62 35.31 39.13 41.53 40.23 35.44 44.24 13.97 0 
Dimension>17
Bandera>10
Fitness Greedy Costo>173.28
Solucion Greedy Costo>1 2 3 4 0 7 8 9 0 5 6 0 0 0 0 0 0 
Linea Vacia>
Matriz de Costos>
Dimension>17
Bandera>10
Fitness Greedy Costo>173.28
Solucion Greedy Costo>1 2 3 4 0 7 8 9 0 5 6 0 0 0 0 0 0 
Linea Vacia>
Matriz de Costos>
0 11.72 21.73 30.86 30.13 31.1 36.44 24.99 25.58 
9.9 0 14.5 23.66 28.26 32.05 37.39 35.78 36.37 
22.99 15.1 0 8.54 14.38 20.72 26.23 33.79 41.54 
27.96 20.08 7.19 0 12.29 18.89 24.15 35.31 41.58 
29.72 29.45 16.87 11.32 0 8.43 11.96 30.36 40.52 
32.4 32.64 25.56 19.81 10.17 0 7.15 22 35.45 
9.9 0 14.5 23.66 28.26 32.05 37.39 35.78 36.37 
22.99 15.1 0 8.54 14.38 20.72 26.23 33.79 41.54 
27.96 20.08 7.19 0 12.29 18.89 24.15 35.31 41.58 
29.72 29.45 16.87 11.32 0 8.43 11.96 30.36 40.52 
32.4 32.64 25.56 19.81 10.17 0 7.15 22 35.45 
34.8 35.72 25.75 19.3 9.4 7.62 0 27.8 40.33 
26.95 36.64 35.98 34.07 30.07 23.42 27.89 0 13.93 
25.62 35.31 39.13 41.53 40.23 35.44 44.24 13.97 0 
0 11.72 21.73 30.86 30.13 31.1 36.44 24.99 25.58 
9.9 0 14.5 23.66 28.26 32.05 37.39 35.78 36.37 
22.99 15.1 0 8.54 14.38 20.72 26.23 33.79 41.54 
27.96 20.08 7.19 0 12.29 18.89 24.15 35.31 41.58 
29.72 29.45 16.87 11.32 0 8.43 11.96 30.36 40.52 
32.4 32.64 25.56 19.81 10.17 0 7.15 22 35.45 
34.8 35.72 25.75 19.3 9.4 7.62 0 27.8 40.33 
26.95 36.64 35.98 34.07 30.07 23.42 27.89 0 13.93 
25.62 35.31 39.13 41.53 40.23 35.44 44.24 13.97 0 
0 11.72 21.73 30.86 30.13 31.1 36.44 24.99 25.58 
9.9 0 14.5 23.66 28.26 32.05 37.39 35.78 36.37 
22.99 15.1 0 8.54 14.38 20.72 26.23 33.79 41.54 
27.96 20.08 7.19 0 12.29 18.89 24.15 35.31 41.58 
29.72 29.45 16.87 11.32 0 8.43 11.96 30.36 40.52 
32.4 32.64 25.56 19.81 10.17 0 7.15 22 35.45 
34.8 35.72 25.75 19.3 9.4 7.62 0 27.8 40.33 
26.95 36.64 35.98 34.07 30.07 23.42 27.89 0 13.93 
25.62 35.31 39.13 41.53 40.23 35.44 44.24 13.97 0 
Matriz de Costos>
0 11.72 21.73 30.86 30.13 31.1 36.44 24.99 25.58 
9.9 0 14.5 23.66 28.26 32.05 37.39 35.78 36.37 
22.99 15.1 0 8.54 14.38 20.72 26.23 33.79 41.54 
27.96 20.08 7.19 0 12.29 18.89 24.15 35.31 41.58 
29.72 29.45 16.87 11.32 0 8.43 11.96 30.36 40.52 
32.4 32.64 25.56 19.81 10.17 0 7.15 22 35.45 
34.8 35.72 25.75 19.3 9.4 7.62 0 27.8 40.33 
26.95 36.64 35.98 34.07 30.07 23.42 27.89 0 13.93 
25.62 35.31 39.13 41.53 40.23 35.44 44.24 13.97 0 
Dimension>17
Bandera>10
Fitness Greedy Costo>173.28
Solucion Greedy Costo>1 2 3 4 0 7 8 9 0 5 6 0 0 0 0 0 0 
Linea Vacia>
Matriz de Costos>
0 11.72 21.73 30.86 30.13 31.1 36.44 24.99 25.58 
9.9 0 14.5 23.66 28.26 32.05 37.39 35.78 36.37 
22.99 15.1 0 8.54 14.38 20.72 26.23 33.79 41.54 
27.96 20.08 7.19 0 12.29 18.89 24.15 35.31 41.58 
29.72 29.45 16.87 11.32 0 8.43 11.96 30.36 40.52 
32.4 32.64 25.56 19.81 10.17 0 7.15 22 35.45 
34.8 35.72 25.75 19.3 9.4 7.62 0 27.8 40.33 
26.95 36.64 35.98 34.07 30.07 23.42 27.89 0 13.93 
25.62 35.31 39.13 41.53 40.23 35.44 44.24 13.97 0 
Matriz de Costos>
0 11.72 21.73 30.86 30.13 31.1 36.44 24.99 25.58 
9.9 0 14.5 23.66 28.26 32.05 37.39 35.78 36.37 
22.99 15.1 0 8.54 14.38 20.72 26.23 33.79 41.54 
27.96 20.08 7.19 0 12.29 18.89 24.15 35.31 41.58 
29.72 29.45 16.87 11.32 0 8.43 11.96 30.36 40.52 
32.4 32.64 25.56 19.81 10.17 0 7.15 22 35.45 
34.8 35.72 25.75 19.3 9.4 7.62 0 27.8 40.33 
26.95 36.64 35.98 34.07 30.07 23.42 27.89 0 13.93 
25.62 35.31 39.13 41.53 40.23 35.44 44.24 13.97 0 
34.8 35.72 25.75 19.3 9.4 7.62 0 27.8 40.33 
26.95 36.64 35.98 34.07 30.07 23.42 27.89 0 13.93 
25.62 35.31 39.13 41.53 40.23 35.44 44.24 13.97 0 
Dimension>17
Bandera>10
Fitness Greedy Costo>173.28
Solucion Greedy Costo>1 2 3 4 0 7 8 9 0 5 6 0 0 0 0 0 0 
Linea Vacia>
Matriz de Costos>
0 11.72 21.73 30.86 30.13 31.1 36.44 24.99 25.58 
9.9 0 14.5 23.66 28.26 32.05 37.39 35.78 36.37 
22.99 15.1 0 8.54 14.38 20.72 26.23 33.79 41.54 
27.96 20.08 7.19 0 12.29 18.89 24.15 35.31 41.58 
29.72 29.45 16.87 11.32 0 8.43 11.96 30.36 40.52 
32.4 32.64 25.56 19.81 10.17 0 7.15 22 35.45 
34.8 35.72 25.75 19.3 9.4 7.62 0 27.8 40.33 
26.95 36.64 35.98 34.07 30.07 23.42 27.89 0 13.93 
25.62 35.31 39.13 41.53 40.23 35.44 44.24 13.97 0 
Dimension>17
Bandera>10
Fitness Greedy Costo>173.28
Dimension>17
Bandera>10
Fitness Greedy Costo>173.28
Solucion Greedy Costo>1 2 3 4 0 7 8 9 0 5 6 0 0 0 0 0 0 
Linea Vacia>
Matriz de Costos>
Solucion Greedy Costo>1 2 3 4 0 7 8 9 0 5 6 0 0 0 0 0 0 
Linea Vacia>
Matriz de Costos>
0 11.72 21.73 30.86 30.13 31.1 36.44 24.99 25.58 
0 11.72 21.73 30.86 30.13 31.1 36.44 24.99 25.58 
9.9 0 14.5 23.66 28.26 32.05 37.39 35.78 36.37 
22.99 15.1 0 8.54 14.38 20.72 26.23 33.79 41.54 
27.96 20.08 7.19 0 12.29 18.89 24.15 35.31 41.58 
29.72 29.45 16.87 11.32 0 8.43 11.96 30.36 40.52 
32.4 32.64 25.56 19.81 10.17 0 7.15 22 35.45 
34.8 35.72 25.75 19.3 9.4 7.62 0 27.8 40.33 
26.95 36.64 35.98 34.07 30.07 23.42 27.89 0 13.93 
25.62 35.31 39.13 41.53 40.23 35.44 44.24 13.97 0 
Dimension>17
9.9 0 14.5 23.66 28.26 32.05 37.39 35.78 36.37 
22.99 15.1 0 8.54 14.38 20.72 26.23 33.79 41.54 
27.96 20.08 7.19 0 12.29 18.89 24.15 35.31 41.58 
29.72 29.45 16.87 11.32 0 8.43 11.96 30.36 40.52 
32.4 32.64 25.56 19.81 10.17 0 7.15 22 35.45 
Dimension>17
Bandera>10
Fitness Greedy Costo>173.28
Solucion Greedy Costo>1 2 3 4 0 7 8 9 0 5 6 0 0 0 0 0 0 
Linea Vacia>
Bandera>10
Fitness Greedy Costo>173.28
Solucion Greedy Costo>1 2 3 4 0 7 8 9 0 5 6 0 0 0 0 0 0 
Linea Vacia>
34.8 35.72 25.75 19.3 9.4 7.62 0 27.8 40.33 
26.95 36.64 35.98 34.07 30.07 23.42 27.89 0 13.93 
25.62 35.31 39.13 41.53 40.23 35.44 44.24 13.97 0 
Matriz de Costos>
0 11.72 21.73 30.86 30.13 31.1 36.44 24.99 25.58 
9.9 0 14.5 23.66 28.26 32.05 37.39 35.78 36.37 
22.99 15.1 0 8.54 14.38 20.72 26.23 33.79 41.54 
27.96 20.08 7.19 0 12.29 18.89 24.15 35.31 41.58 
29.72 29.45 16.87 11.32 0 8.43 11.96 30.36 40.52 
Matriz de Costos>
0 11.72 21.73 30.86 30.13 31.1 36.44 24.99 25.58 
9.9 0 14.5 23.66 28.26 32.05 37.39 35.78 36.37 
32.4 32.64 25.56 19.81 10.17 0 7.15 22 35.45 
34.8 35.72 25.75 19.3 9.4 7.62 0 27.8 40.33 
26.95 36.64 35.98 34.07 30.07 23.42 27.89 0 13.93 
25.62 35.31 39.13 41.53 40.23 35.44 44.24 13.97 0 
22.99 15.1 0 8.54 14.38 20.72 26.23 33.79 41.54 
27.96 20.08 7.19 0 12.29 18.89 24.15 35.31 41.58 
29.72 29.45 16.87 11.32 0 8.43 11.96 30.36 40.52 
32.4 32.64 25.56 19.81 10.17 0 7.15 22 35.45 
34.8 35.72 25.75 19.3 9.4 7.62 0 27.8 40.33 
26.95 36.64 35.98 34.07 30.07 23.42 27.89 0 13.93 
25.62 35.31 39.13 41.53 40.23 35.44 44.24 13.97 0 
Dimension>17
Bandera>10
Fitness Greedy Costo>173.28
Solucion Greedy Costo>1 2 3 4 0 7 8 9 0 5 6 0 0 0 0 0 0 
Linea Vacia>
Matriz de Costos>
0 11.72 21.73 30.86 30.13 31.1 36.44 24.99 25.58 
9.9 0 14.5 23.66 28.26 32.05 37.39 35.78 36.37 
22.99 15.1 0 8.54 14.38 20.72 26.23 33.79 41.54 
27.96 20.08 7.19 0 12.29 18.89 24.15 35.31 41.58 
29.72 29.45 16.87 11.32 0 8.43 11.96 30.36 40.52 
32.4 32.64 25.56 19.81 10.17 0 7.15 22 35.45 
34.8 35.72 25.75 19.3 9.4 7.62 0 27.8 40.33 
26.95 36.64 35.98 34.07 30.07 23.42 27.89 0 13.93 
25.62 35.31 39.13 41.53 40.23 35.44 44.24 13.97 0 
Dimension>17
Bandera>10
Fitness Greedy Costo>173.28
Solucion Greedy Costo>1 2 3 4 0 7 8 9 0 5 6 0 0 0 0 0 0 
Linea Vacia>
Matriz de Costos>
0 11.72 21.73 30.86 30.13 31.1 36.44 24.99 25.58 
9.9 0 14.5 23.66 28.26 32.05 37.39 35.78 36.37 
22.99 15.1 0 8.54 14.38 20.72 26.23 33.79 41.54 
27.96 20.08 7.19 0 12.29 18.89 24.15 35.31 41.58 
29.72 29.45 16.87 11.32 0 8.43 11.96 30.36 40.52 
32.4 32.64 25.56 19.81 10.17 0 7.15 22 35.45 
34.8 35.72 25.75 19.3 9.4 7.62 0 27.8 40.33 
Dimension>17
Bandera>10
Fitness Greedy Costo>173.28
Solucion Greedy Costo>1 2 3 4 0 7 8 9 0 5 6 0 0 0 0 0 0 
Linea Vacia>
26.95 36.64 35.98 34.07 30.07 23.42 27.89 0 13.93 
25.62 35.31 39.13 41.53 40.23 35.44 44.24 13.97 0 
Matriz de Costos>
0 11.72 21.73 30.86 30.13 31.1 36.44 24.99 25.58 
9.9 0 14.5 23.66 28.26 32.05 37.39 35.78 36.37 
22.99 15.1 0 8.54 14.38 20.72 26.23 33.79 41.54 
27.96 20.08 7.19 0 12.29 18.89 24.15 35.31 41.58 
29.72 29.45 16.87 11.32 0 8.43 11.96 30.36 40.52 
32.4 32.64 25.56 19.81 10.17 0 7.15 22 35.45 
34.8 35.72 25.75 19.3 9.4 7.62 0 27.8 40.33 
26.95 36.64 35.98 34.07 30.07 23.42 27.89 0 13.93 
25.62 35.31 39.13 41.53 40.23 35.44 44.24 13.97 0 
GEN 0 277.730000
TIEMPO 0 250.150000
GEN 0 272.380000
GEN 0 243.950000
GEN 0 251.050000
GEN 0 261.530000
GEN 0 267.360000
TIEMPO 0 267.360000
GEN 0 240.500000
GEN 0 246.910000
TIEMPO 0 246.910000
GEN 0 238.090000
GEN 0 261.290000
TIEMPO 0 257.460000
GEN 0 229.700000
GEN 0 233.200000
TIEMPO 0 233.200000
TIEMPO 0 261.540000
TIEMPO 0 247.860000
GEN 0 228.890000
GEN 0 270.940000
TIEMPO 0 249.930000
TIEMPO 0 240.500000
GEN 0 260.650000
TIEMPO 0 250.120000
GEN 0 270.380000
GEN 0 257.150000
TIEMPO 0 257.150000
TIEMPO 0 238.090000
TIEMPO 0 243.950000
TIEMPO 0 251.050000
TIEMPO 0 228.890000
TIEMPO 0 257.470000
TIEMPO 0 229.700000
GREEDY 0 0.001128
GREEDY 0 0.001499
GREEDY 0 0.001659
GREEDY 0 0.002824
GREEDY 0 0.003871
GEN 0 252.150000
TIEMPO 0 252.150000
GEN 0 246.760000
GEN 0 283.210000
GEN 0 280.010000
TIEMPO 0 235.860000
GEN 0 241.050000
GEN 0 265.740000
TIEMPO 0 267.440000
TIEMPO 0 268.400000
TIEMPO 0 241.050000
TIEMPO 0 262.930000
GEN 0 262.010000
TIEMPO 0 222.640000
GREEDY 0 0.011962
GREEDY 0 0.012520
GREEDY 0 0.013576
GREEDY 0 0.005321
GREEDY 0 0.007622
GREEDY 0 0.008738
GREEDY 0 0.021461
GREEDY 0 0.023865
GREEDY 0 0.024407
GREEDY 0 0.016269
GREEDY 0 0.028166
GREEDY 0 0.028333
GREEDY 0 0.057345
GREEDY 0 0.069005
GREEDY 0 0.075720
GEN 2500 172.930000
GEN 2500 168.450000
GEN 2500 168.450000
GEN 2500 173.280000
GEN 2500 168.450000
GEN 2500 168.450000
GEN 2500 173.280000
GEN 2500 168.450000
GEN 2500 168.450000
GREEDY 0 0.156283
GEN 2500 170.390000
GEN 2500 173.280000
GEN 2500 168.450000
GEN 2500 168.450000
GEN 5000 172.930000
GEN 2500 168.450000
GEN 5000 168.450000
GEN 2500 174.360000
GEN 2500 173.810000
GEN 2500 168.450000
GEN 2500 168.450000
GEN 5000 168.450000
GEN 5000 173.280000
GEN 2500 168.450000
GEN 5000 168.450000
GEN 2500 168.450000
GEN 2500 173.810000
GEN 2500 168.450000
GEN 5000 173.280000
GEN 5000 173.280000
GEN 7500 172.930000
GEN 7500 168.450000
GEN 2500 168.450000
GEN 5000 168.450000
GEN 5000 168.450000
GEN 5000 174.360000
GEN 5000 170.390000
GEN 5000 168.450000
GEN 2500 168.450000
GEN 7500 168.450000
GEN 5000 168.450000
GEN 7500 173.280000
GEN 10000 168.450000
TIEMPO 0.366123 168.450000
GEN 10000 172.930000
TIEMPO 0.377763 172.930000
GEN 5000 168.450000
GEN 7500 168.450000
GEN 7500 170.390000
GEN 7500 173.280000
GEN 5000 168.450000
GEN 5000 168.450000
GEN 7500 174.360000
GEN 5000 168.450000
GEN 5000 173.810000
GEN 7500 168.450000
GEN 7500 168.450000
GEN 7500 170.390000
GEN 10000 168.450000
TIEMPO 0.458145 168.450000
GEN 7500 168.450000
GEN 7500 168.450000
GEN 10000 173.280000
TIEMPO 0.464176 173.280000
GREEDY 0 0.479842
GEN 5000 168.450000
GEN 5000 168.450000
GEN 7500 168.450000
GEN 10000 170.390000
TIEMPO 0.510102 170.390000
GEN 10000 168.450000
TIEMPO 0.516526 168.450000
GEN 5000 168.450000
GEN 5000 168.450000
GEN 10000 168.450000
TIEMPO 0.539031 168.450000
GEN 10000 168.450000
TIEMPO 0.540347 168.450000
GEN 10000 168.450000
TIEMPO 0.535748 168.450000
GEN 10000 168.450000
TIEMPO 0.546621 168.450000
GEN 7500 168.450000
GEN 10000 168.450000
TIEMPO 0.545477 168.450000
GEN 5000 168.450000
GEN 10000 174.360000
GEN 7500 168.450000
TIEMPO 0.551774 174.360000
GEN 5000 168.450000
GEN 10000 168.450000
TIEMPO 0.578177 168.450000
GEN 10000 168.450000
TIEMPO 0.624831 168.450000
GEN 7500 173.810000
GEN 10000 168.450000
TIEMPO 0.669526 168.450000
GEN 7500 168.450000
GEN 10000 168.450000
TIEMPO 0.670710 168.450000
GEN 7500 168.450000
GEN 7500 168.450000
GEN 7500 168.450000
GEN 7500 168.450000
GEN 7500 168.450000
GEN 10000 173.810000
TIEMPO 0.790785 173.810000
GEN 7500 168.450000
GEN 10000 168.450000
TIEMPO 0.815170 168.450000
GEN 10000 168.450000
TIEMPO 0.838132 168.450000
GEN 10000 168.450000
TIEMPO 0.905000 168.450000
GEN 10000 168.450000
TIEMPO 0.930750 168.450000
GEN 10000 168.450000
TIEMPO 0.969134 168.450000
GEN 10000 168.450000
TIEMPO 0.977442 168.450000
TIEMPO 1 168.450000
GEN 10000 168.450000
TIEMPO 1.026681 168.450000

 Current State ---------------------------------------------
Solution:  7 8 9 0 0 4 5 6 0 0 1 2 3 0 0 0 0 Fitness: 168.45

 :( ---------------------- THE END --------------- :) 
