Dimension>85
Bandera>13
Fitness Greedy Costo>474.34
Solucion Greedy Costo>37 12 0 15 5 2 32 0 26 10 27 0 20 23 21 40 0 11 36 25 38 0 16 3 14 13 0 1 19 41 30 0 29 34 4 17 0 42 6 39 18 0 28 9 7 43 0 8 22 31 35 0 33 0 24 0 0 0 0 0 0 0 0 0 0 0 0 0 0 0 0 0 0 0 0 0 0 0 0 0 0 0 0 0 0 
Linea Vacia>
Matriz de Costos>
0 5.55 1.95 13.37 7.88 2.02 17.66 23.56 28.75 13.79 2.52 3.89 1.74 14.92 14.19 1.42 4.4 21.6 29.43 14.47 3.83 6.3 32.44 4.98 57.55 6.73 1.54 2.85 13.43 6.09 17.73 57.55 3.56 30.79 10.87 47.25 8.52 0.75 6.82 14.84 6.87 18.19 13.32 
5.55 0 3.23 7.14 15.39 2.94 20.63 17.71 29.16 4.44 11.53 5.76 1.81 4.91 5.03 1.8 3.81 27.29 32.15 3.21 1.48 1.77 37.77 1.5 55.82 1.74 11.62 11.38 4.08 13.18 6.94 62.71 3.43 42.84 18.85 53.43 3.14 4.92 0.7 21.9 1.92 7.4 18.89 
1.95 3.23 0 6.81 5.08 0.68 22.04 17.78 25.01 15.19 9.53 8.33 2.61 8.3 7.55 1.41 0.97 18.33 33.41 11.73 5.9 8.32 29.18 7.01 53.48 8.74 4.59 9.87 14.84 3.54 12.26 52.56 0.75 38.52 8.35 43.14 9.93 3.18 7.26 22.4 8.88 12.72 16.91 
13.37 7.14 6.81 0 7.17 6.86 25.34 9.76 19.57 15.96 19.16 12.97 9.53 3.92 0.76 8.4 1.57 20.79 38.16 12.1 7.17 8.51 28.62 7.19 45.94 8.93 15.04 19.6 15.76 9.25 10.35 52.98 2.03 47.88 12.47 43.54 10.42 13.25 8.09 26.62 9.07 8.93 23.52 
7.88 15.39 5.08 7.17 0 5.78 28.99 17.96 23.15 25.53 12.26 15.42 10.58 13.4 11.32 7.7 3.11 13.24 34.61 21.19 15.58 17.71 23.79 16.43 51.16 18.13 7.3 12.59 25.25 1.68 19.49 46.45 3.53 40.69 3.01 36.89 19.25 5.96 18.13 24.24 18.26 18.11 23.97 
2.02 2.94 0.68 6.86 5.78 0 19.4 19.44 28.46 13.88 8.37 6.39 1.97 10.29 9.52 0.73 1.48 20.18 31.08 11.94 4.09 6.72 31 5.25 55.78 7.14 4.46 8.23 13.53 5.79 12.46 54.84 1.25 36.24 10.57 45.46 9.15 1.71 6.02 20.54 7.29 12.92 15.02 
17.66 20.63 22.04 25.34 28.99 19.4 0 38.37 52.77 20.89 8.85 11.49 17.85 28.53 27.62 17.33 24.25 43.13 10.15 27.28 16.45 14.88 56.53 14.22 79.5 13.56 17.16 13.86 20.47 24.04 34.95 86.03 24.65 22.8 31.48 63.41 12.09 15.78 19.83 1.51 14.72 33.31 1.78 
23.56 17.71 17.78 9.76 17.96 19.44 38.37 0 3.8 21.68 29.84 25.68 22.38 9.04 7.89 20.9 12.34 25.49 53.84 18.89 20.07 21.37 23.78 20.09 31.03 21.78 24.74 29.69 21.39 19.02 12.99 50.1 13.53 59.56 21.51 49.29 23.26 23.5 21.48 41.07 23.61 11.58 37.09 
28.75 29.16 25.01 19.57 23.15 28.46 52.77 3.8 0 29.91 39.52 33.98 30.6 18.03 18.16 29.15 20.74 25.05 63.73 27.17 28.32 29.58 19.72 28.34 29.92 30 31.3 39.3 29.62 24.55 20.49 44.75 21.9 64.33 26.84 46.14 31.46 31.71 30.03 51.16 31.8 19.12 47.21 
13.79 4.44 15.19 15.96 25.53 13.88 20.89 21.68 29.91 0 14.58 8.37 7.44 5.53 12.69 10.08 14.93 39.27 32.54 4.08 6.63 2.48 45.92 4.84 58.76 2.69 17.74 17.52 1.05 23.64 8.74 70.58 13.85 41.93 28.21 65.55 3.85 11.17 1.96 22.36 2.63 10.34 18.86 
2.52 11.53 9.53 19.16 12.26 8.37 8.85 29.84 39.52 14.58 0 3.45 6.35 21.83 22.43 5.8 12.89 29.34 17.21 20.87 9.15 10.41 36.41 9.03 67.6 9.06 1.99 1 15.79 8.94 25.29 63.84 11.98 21.6 13.68 46.51 7.32 1.68 13.74 6.43 9.64 26.44 5.73 
3.89 5.76 8.33 12.97 15.42 6.39 11.49 25.68 33.98 8.37 3.45 0 3.43 13.22 13.45 6.11 10.54 31.22 24.47 13.14 1.94 1.73 44.55 1.39 62.56 1.28 11.15 8.48 5.87 17.13 17.67 69.2 10.27 29.34 21.79 59.12 1.08 5.74 5.08 13.9 1.59 17.93 7.72 
1.74 1.81 2.61 9.53 10.58 1.97 17.85 22.38 30.6 7.44 6.35 3.43 0 13.24 14.6 1.59 6.27 25.61 27.99 12.31 1.9 2.68 37.57 1.91 62.56 3.1 5.28 5.04 9.08 11.35 17.22 62.51 5.93 32.54 16.08 49.66 5.13 0.87 5.09 17.46 3.25 17.68 12.75 
14.92 4.91 8.3 3.92 13.4 10.29 28.53 9.04 18.03 5.53 21.83 13.22 13.24 0 1.72 11.83 4.25 30.32 42.95 2.35 10.61 9.98 32.19 9.86 45.28 10.72 18.5 22.51 5.7 13.87 1.61 57.38 5.47 50.82 18.55 52.69 12.19 16.21 4 30.4 10.72 1.19 25.76 
14.19 5.03 7.55 0.76 11.32 9.52 27.62 7.89 18.16 12.69 22.43 13.45 14.6 1.72 0 10.91 3.37 23.6 41.01 9.76 9.69 11.02 29.7 9.71 44.71 11.44 17.49 22.02 13.17 11.75 7.66 54.12 4.59 50.65 14.94 44.72 12.92 15.73 5.98 28.99 11.58 6.22 25.91 
Dimension>85
Bandera>13
Fitness Greedy Costo>474.34
Solucion Greedy Costo>37 12 0 15 5 2 32 0 26 10 27 0 20 23 21 40 0 11 36 25 38 0 16 3 14 13 0 1 19 41 30 0 29 34 4 17 0 42 6 39 18 0 28 9 7 43 0 8 22 31 35 0 33 0 24 0 0 0 0 0 0 0 0 0 0 0 0 0 0 0 0 0 0 0 0 0 0 0 0 0 0 0 0 0 0 
Linea Vacia>
Matriz de Costos>
0 5.55 1.95 13.37 7.88 2.02 17.66 23.56 28.75 13.79 2.52 3.89 1.74 14.92 14.19 1.42 4.4 21.6 29.43 14.47 3.83 6.3 32.44 4.98 57.55 6.73 1.54 2.85 13.43 6.09 17.73 57.55 3.56 30.79 10.87 47.25 8.52 0.75 6.82 14.84 6.87 18.19 13.32 
5.55 0 3.23 7.14 15.39 2.94 20.63 17.71 29.16 4.44 11.53 5.76 1.81 4.91 5.03 1.8 3.81 27.29 32.15 3.21 1.48 1.77 37.77 1.5 55.82 1.74 11.62 11.38 4.08 13.18 6.94 62.71 3.43 42.84 18.85 53.43 3.14 4.92 0.7 21.9 1.92 7.4 18.89 
1.95 3.23 0 6.81 5.08 0.68 22.04 17.78 25.01 15.19 9.53 8.33 2.61 8.3 7.55 1.41 0.97 18.33 33.41 11.73 5.9 8.32 29.18 7.01 53.48 8.74 4.59 9.87 14.84 3.54 12.26 52.56 0.75 38.52 8.35 43.14 9.93 3.18 7.26 22.4 8.88 12.72 16.91 
13.37 7.14 6.81 0 7.17 6.86 25.34 9.76 19.57 15.96 19.16 12.97 9.53 3.92 0.76 8.4 1.57 20.79 38.16 12.1 7.17 8.51 28.62 7.19 45.94 8.93 15.04 19.6 15.76 9.25 10.35 52.98 2.03 47.88 12.47 43.54 10.42 13.25 8.09 26.62 9.07 8.93 23.52 
7.88 15.39 5.08 7.17 0 5.78 28.99 17.96 23.15 25.53 12.26 15.42 10.58 13.4 11.32 7.7 3.11 13.24 34.61 21.19 15.58 17.71 23.79 16.43 51.16 18.13 7.3 12.59 25.25 1.68 19.49 46.45 3.53 40.69 3.01 36.89 19.25 5.96 18.13 24.24 18.26 18.11 23.97 
2.02 2.94 0.68 6.86 5.78 0 19.4 19.44 28.46 13.88 8.37 6.39 1.97 10.29 9.52 0.73 1.48 20.18 31.08 11.94 4.09 6.72 31 5.25 55.78 7.14 4.46 8.23 13.53 5.79 12.46 54.84 1.25 36.24 10.57 45.46 9.15 1.71 6.02 20.54 7.29 12.92 15.02 
17.66 20.63 22.04 25.34 28.99 19.4 0 38.37 52.77 20.89 8.85 11.49 17.85 28.53 27.62 17.33 24.25 43.13 10.15 27.28 16.45 14.88 56.53 14.22 79.5 13.56 17.16 13.86 20.47 24.04 34.95 86.03 24.65 22.8 31.48 63.41 12.09 15.78 19.83 1.51 14.72 33.31 1.78 
23.56 17.71 17.78 9.76 17.96 19.44 38.37 0 3.8 21.68 29.84 25.68 22.38 9.04 7.89 20.9 12.34 25.49 53.84 18.89 20.07 21.37 23.78 20.09 31.03 21.78 24.74 29.69 21.39 19.02 12.99 50.1 13.53 59.56 21.51 49.29 23.26 23.5 21.48 41.07 23.61 11.58 37.09 
28.75 29.16 25.01 19.57 23.15 28.46 52.77 3.8 0 29.91 39.52 33.98 30.6 18.03 18.16 29.15 20.74 25.05 63.73 27.17 28.32 29.58 19.72 28.34 29.92 30 31.3 39.3 29.62 24.55 20.49 44.75 21.9 64.33 26.84 46.14 31.46 31.71 30.03 51.16 31.8 19.12 47.21 
13.79 4.44 15.19 15.96 25.53 13.88 20.89 21.68 29.91 0 14.58 8.37 7.44 5.53 12.69 10.08 14.93 39.27 32.54 4.08 6.63 2.48 45.92 4.84 58.76 2.69 17.74 17.52 1.05 23.64 8.74 70.58 13.85 41.93 28.21 65.55 3.85 11.17 1.96 22.36 2.63 10.34 18.86 
2.52 11.53 9.53 19.16 12.26 8.37 8.85 29.84 39.52 14.58 0 3.45 6.35 21.83 22.43 5.8 12.89 29.34 17.21 20.87 9.15 10.41 36.41 9.03 67.6 9.06 1.99 1 15.79 8.94 25.29 63.84 11.98 21.6 13.68 46.51 7.32 1.68 13.74 6.43 9.64 26.44 5.73 
3.89 5.76 8.33 12.97 15.42 6.39 11.49 25.68 33.98 8.37 3.45 0 3.43 13.22 13.45 6.11 10.54 31.22 24.47 13.14 1.94 1.73 44.55 1.39 62.56 1.28 11.15 8.48 5.87 17.13 17.67 69.2 10.27 29.34 21.79 59.12 1.08 5.74 5.08 13.9 1.59 17.93 7.72 
1.74 1.81 2.61 9.53 10.58 1.97 17.85 22.38 30.6 7.44 6.35 3.43 0 13.24 14.6 1.59 6.27 25.61 27.99 12.31 1.9 2.68 37.57 1.91 62.56 3.1 5.28 5.04 9.08 11.35 17.22 62.51 5.93 32.54 16.08 49.66 5.13 0.87 5.09 17.46 3.25 17.68 12.75 
14.92 4.91 8.3 3.92 13.4 10.29 28.53 9.04 18.03 5.53 21.83 13.22 13.24 0 1.72 11.83 4.25 30.32 42.95 2.35 10.61 9.98 32.19 9.86 45.28 10.72 18.5 22.51 5.7 13.87 1.61 57.38 5.47 50.82 18.55 52.69 12.19 16.21 4 30.4 10.72 1.19 25.76 
14.19 5.03 7.55 0.76 11.32 9.52 27.62 7.89 18.16 12.69 22.43 13.45 14.6 1.72 0 10.91 3.37 23.6 41.01 9.76 9.69 11.02 29.7 9.71 44.71 11.44 17.49 22.02 13.17 11.75 7.66 54.12 4.59 50.65 14.94 44.72 12.92 15.73 5.98 28.99 11.58 6.22 25.91 
1.42 1.8 1.41 8.4 7.7 0.73 17.33 20.9 29.15 10.08 5.8 6.11 1.59 11.83 10.91 0 2.04 22.42 28.59 10.2 1.95 4.19 33.34 2.73 59.21 4.61 4.88 5.58 11.36 8.11 13.96 58.37 1.84 33.12 12.86 48.1 6.64 1.02 3.48 17.98 4.76 14.42 12.41 
4.4 3.81 0.97 1.57 3.11 1.48 24.25 12.34 20.74 14.93 12.89 10.54 6.27 4.25 3.37 2.04 0 18.09 37.09 12.06 6.17 8.59 28.97 7.28 47.36 9.01 8.04 13.06 15.11 3.27 10.53 53.31 0.25 43.29 8.1 42.94 10.77 6.62 7.9 25.25 9.15 9.11 19.8 
21.6 27.29 18.33 20.79 13.24 20.18 43.13 25.49 25.05 39.27 29.34 31.22 25.61 30.32 23.6 22.42 18.09 0 40.77 39.24 28.44 30.76 5.58 29.54 62.5 31.18 16.54 27.34 39.76 10.48 33.27 28.44 17.62 30 3.9 18.65 32.01 21.6 31.31 44.49 31.29 31.96 38 
Dimension>85
Bandera>13
Fitness Greedy Costo>474.34
Solucion Greedy Costo>37 12 0 15 5 2 32 0 26 10 27 0 20 23 21 40 0 11 36 25 38 0 16 3 14 13 0 1 19 41 30 0 29 34 4 17 0 42 6 39 18 0 28 9 7 43 0 8 22 31 35 0 33 0 24 0 0 0 0 0 0 0 0 0 0 0 0 0 0 0 0 0 0 0 0 0 0 0 0 0 0 0 0 0 0 
Linea Vacia>
Matriz de Costos>
0 5.55 1.95 13.37 7.88 2.02 17.66 23.56 28.75 13.79 2.52 3.89 1.74 14.92 14.19 1.42 4.4 21.6 29.43 14.47 3.83 6.3 32.44 4.98 57.55 6.73 1.54 2.85 13.43 6.09 17.73 57.55 3.56 30.79 10.87 47.25 8.52 0.75 6.82 14.84 6.87 18.19 13.32 
5.55 0 3.23 7.14 15.39 2.94 20.63 17.71 29.16 4.44 11.53 5.76 1.81 4.91 5.03 1.8 3.81 27.29 32.15 3.21 1.48 1.77 37.77 1.5 55.82 1.74 11.62 11.38 4.08 13.18 6.94 62.71 3.43 42.84 18.85 53.43 3.14 4.92 0.7 21.9 1.92 7.4 18.89 
1.95 3.23 0 6.81 5.08 0.68 22.04 17.78 25.01 15.19 9.53 8.33 2.61 8.3 7.55 1.41 0.97 18.33 33.41 11.73 5.9 8.32 29.18 7.01 53.48 8.74 4.59 9.87 14.84 3.54 12.26 52.56 0.75 38.52 8.35 43.14 9.93 3.18 7.26 22.4 8.88 12.72 16.91 
13.37 7.14 6.81 0 7.17 6.86 25.34 9.76 19.57 15.96 19.16 12.97 9.53 3.92 0.76 8.4 1.57 20.79 38.16 12.1 7.17 8.51 28.62 7.19 45.94 8.93 15.04 19.6 15.76 9.25 10.35 52.98 2.03 47.88 12.47 43.54 10.42 13.25 8.09 26.62 9.07 8.93 23.52 
7.88 15.39 5.08 7.17 0 5.78 28.99 17.96 23.15 25.53 12.26 15.42 10.58 13.4 11.32 7.7 3.11 13.24 34.61 21.19 15.58 17.71 23.79 16.43 51.16 18.13 7.3 12.59 25.25 1.68 19.49 46.45 3.53 40.69 3.01 36.89 19.25 5.96 18.13 24.24 18.26 18.11 23.97 
2.02 2.94 0.68 6.86 5.78 0 19.4 19.44 28.46 13.88 8.37 6.39 1.97 10.29 9.52 0.73 1.48 20.18 31.08 11.94 4.09 6.72 31 5.25 55.78 7.14 4.46 8.23 13.53 5.79 12.46 54.84 1.25 36.24 10.57 45.46 9.15 1.71 6.02 20.54 7.29 12.92 15.02 
17.66 20.63 22.04 25.34 28.99 19.4 0 38.37 52.77 20.89 8.85 11.49 17.85 28.53 27.62 17.33 24.25 43.13 10.15 27.28 16.45 14.88 56.53 14.22 79.5 13.56 17.16 13.86 20.47 24.04 34.95 86.03 24.65 22.8 31.48 63.41 12.09 15.78 19.83 1.51 14.72 33.31 1.78 
23.56 17.71 17.78 9.76 17.96 19.44 38.37 0 3.8 21.68 29.84 25.68 22.38 9.04 7.89 20.9 12.34 25.49 53.84 18.89 20.07 21.37 23.78 20.09 31.03 21.78 24.74 29.69 21.39 19.02 12.99 50.1 13.53 59.56 21.51 49.29 23.26 23.5 21.48 41.07 23.61 11.58 37.09 
28.75 29.16 25.01 19.57 23.15 28.46 52.77 3.8 0 29.91 39.52 33.98 30.6 18.03 18.16 29.15 20.74 25.05 63.73 27.17 28.32 29.58 19.72 28.34 29.92 30 31.3 39.3 29.62 24.55 20.49 44.75 21.9 64.33 26.84 46.14 31.46 31.71 30.03 51.16 31.8 19.12 47.21 
13.79 4.44 15.19 15.96 25.53 13.88 20.89 21.68 29.91 0 14.58 8.37 7.44 5.53 12.69 10.08 14.93 39.27 32.54 4.08 6.63 2.48 45.92 4.84 58.76 2.69 17.74 17.52 1.05 23.64 8.74 70.58 13.85 41.93 28.21 65.55 3.85 11.17 1.96 22.36 2.63 10.34 18.86 
2.52 11.53 9.53 19.16 12.26 8.37 8.85 29.84 39.52 14.58 0 3.45 6.35 21.83 22.43 5.8 12.89 29.34 17.21 20.87 9.15 10.41 36.41 9.03 67.6 9.06 1.99 1 15.79 8.94 25.29 63.84 11.98 21.6 13.68 46.51 7.32 1.68 13.74 6.43 9.64 26.44 5.73 
Dimension>85
Bandera>13
Fitness Greedy Costo>474.34
Solucion Greedy Costo>37 12 0 15 5 2 32 0 26 10 27 0 20 23 21 40 0 11 36 25 38 0 16 3 14 13 0 1 19 41 30 0 29 34 4 17 0 42 6 39 18 0 28 9 7 43 0 8 22 31 35 0 33 0 24 0 0 0 0 0 0 0 0 0 0 0 0 0 0 0 0 0 0 0 0 0 0 0 0 0 0 0 0 0 0 
Linea Vacia>
Dimension>85
Bandera>13
Fitness Greedy Costo>474.34
Solucion Greedy Costo>37 12 0 15 5 2 32 0 26 10 27 0 20 23 21 40 0 11 36 25 38 0 16 3 14 13 0 1 19 41 30 0 29 34 4 17 0 42 6 39 18 0 28 9 7 43 0 8 22 31 35 0 33 0 24 0 0 0 0 0 0 0 0 0 0 0 0 0 0 0 0 0 0 0 0 0 0 0 0 0 0 0 0 0 0 
Linea Vacia>
Matriz de Costos>
0 5.55 1.95 13.37 7.88 2.02 17.66 23.56 28.75 13.79 2.52 3.89 1.74 14.92 14.19 1.42 4.4 21.6 29.43 14.47 3.83 6.3 32.44 4.98 57.55 6.73 1.54 2.85 13.43 6.09 17.73 57.55 3.56 30.79 10.87 47.25 8.52 0.75 6.82 14.84 6.87 18.19 13.32 
5.55 0 3.23 7.14 15.39 2.94 20.63 17.71 29.16 4.44 11.53 5.76 1.81 4.91 5.03 1.8 3.81 27.29 32.15 3.21 1.48 1.77 37.77 1.5 55.82 1.74 11.62 11.38 4.08 13.18 6.94 62.71 3.43 42.84 18.85 53.43 3.14 4.92 0.7 21.9 1.92 7.4 18.89 
1.95 3.23 0 6.81 5.08 0.68 22.04 17.78 25.01 15.19 9.53 8.33 2.61 8.3 7.55 1.41 0.97 18.33 33.41 11.73 5.9 8.32 29.18 7.01 53.48 8.74 4.59 9.87 14.84 3.54 12.26 52.56 0.75 38.52 8.35 43.14 9.93 3.18 7.26 22.4 8.88 12.72 16.91 
13.37 7.14 6.81 0 7.17 6.86 25.34 9.76 19.57 15.96 19.16 12.97 9.53 3.92 0.76 8.4 1.57 20.79 38.16 12.1 7.17 8.51 28.62 7.19 45.94 8.93 15.04 19.6 15.76 9.25 10.35 52.98 2.03 47.88 12.47 43.54 10.42 13.25 8.09 26.62 9.07 8.93 23.52 
7.88 15.39 5.08 7.17 0 5.78 28.99 17.96 23.15 25.53 12.26 15.42 10.58 13.4 11.32 7.7 3.11 13.24 34.61 21.19 15.58 17.71 23.79 16.43 51.16 18.13 7.3 12.59 25.25 1.68 19.49 46.45 3.53 40.69 3.01 36.89 19.25 5.96 18.13 24.24 18.26 18.11 23.97 
2.02 2.94 0.68 6.86 5.78 0 19.4 19.44 28.46 13.88 8.37 6.39 1.97 10.29 9.52 0.73 1.48 20.18 31.08 11.94 4.09 6.72 31 5.25 55.78 7.14 4.46 8.23 13.53 5.79 12.46 54.84 1.25 36.24 10.57 45.46 9.15 1.71 6.02 20.54 7.29 12.92 15.02 
17.66 20.63 22.04 25.34 28.99 19.4 0 38.37 52.77 20.89 8.85 11.49 17.85 28.53 27.62 17.33 24.25 43.13 10.15 27.28 16.45 14.88 56.53 14.22 79.5 13.56 17.16 13.86 20.47 24.04 34.95 86.03 24.65 22.8 31.48 63.41 12.09 15.78 19.83 1.51 14.72 33.31 1.78 
23.56 17.71 17.78 9.76 17.96 19.44 38.37 0 3.8 21.68 29.84 25.68 22.38 9.04 7.89 20.9 12.34 25.49 53.84 18.89 20.07 21.37 23.78 20.09 31.03 21.78 24.74 29.69 21.39 19.02 12.99 50.1 13.53 59.56 21.51 49.29 23.26 23.5 21.48 41.07 23.61 11.58 37.09 
28.75 29.16 25.01 19.57 23.15 28.46 52.77 3.8 0 29.91 39.52 33.98 30.6 18.03 18.16 29.15 20.74 25.05 63.73 27.17 28.32 29.58 19.72 28.34 29.92 30 31.3 39.3 29.62 24.55 20.49 44.75 21.9 64.33 26.84 46.14 31.46 31.71 30.03 51.16 31.8 19.12 47.21 
13.79 4.44 15.19 15.96 25.53 13.88 20.89 21.68 29.91 0 14.58 8.37 7.44 5.53 12.69 10.08 14.93 39.27 32.54 4.08 6.63 2.48 45.92 4.84 58.76 2.69 17.74 17.52 1.05 23.64 8.74 70.58 13.85 41.93 28.21 65.55 3.85 11.17 1.96 22.36 2.63 10.34 18.86 
2.52 11.53 9.53 19.16 12.26 8.37 8.85 29.84 39.52 14.58 0 3.45 6.35 21.83 22.43 5.8 12.89 29.34 17.21 20.87 9.15 10.41 36.41 9.03 67.6 9.06 1.99 1 15.79 8.94 25.29 63.84 11.98 21.6 13.68 46.51 7.32 1.68 13.74 6.43 9.64 26.44 5.73 
3.89 5.76 8.33 12.97 15.42 6.39 11.49 25.68 33.98 8.37 3.45 0 3.43 13.22 13.45 6.11 10.54 31.22 24.47 13.14 1.94 1.73 44.55 1.39 62.56 1.28 11.15 8.48 5.87 17.13 17.67 69.2 10.27 29.34 21.79 59.12 1.08 5.74 5.08 13.9 1.59 17.93 7.72 
1.74 1.81 2.61 9.53 10.58 1.97 17.85 22.38 30.6 7.44 6.35 3.43 0 13.24 14.6 1.59 6.27 25.61 27.99 12.31 1.9 2.68 37.57 1.91 62.56 3.1 5.28 5.04 9.08 11.35 17.22 62.51 5.93 32.54 16.08 49.66 5.13 0.87 5.09 17.46 3.25 17.68 12.75 
14.92 4.91 8.3 3.92 13.4 10.29 28.53 9.04 18.03 5.53 21.83 13.22 13.24 0 1.72 11.83 4.25 30.32 42.95 2.35 10.61 9.98 32.19 9.86 45.28 10.72 18.5 22.51 5.7 13.87 1.61 57.38 5.47 50.82 18.55 52.69 12.19 16.21 4 30.4 10.72 1.19 25.76 
14.19 5.03 7.55 0.76 11.32 9.52 27.62 7.89 18.16 12.69 22.43 13.45 14.6 1.72 0 10.91 3.37 23.6 41.01 9.76 9.69 11.02 29.7 9.71 44.71 11.44 17.49 22.02 13.17 11.75 7.66 54.12 4.59 50.65 14.94 44.72 12.92 15.73 5.98 28.99 11.58 6.22 25.91 
Dimension>85
Bandera>13
Fitness Greedy Costo>474.34
Solucion Greedy Costo>37 12 0 15 5 2 32 0 26 10 27 0 20 23 21 40 0 11 36 25 38 0 16 3 14 13 0 1 19 41 30 0 29 34 4 17 0 42 6 39 18 0 28 9 7 43 0 8 22 31 35 0 33 0 24 0 0 0 0 0 0 0 0 0 0 0 0 0 0 0 0 0 0 0 0 0 0 0 0 0 0 0 0 0 0 
Linea Vacia>
Matriz de Costos>
0 5.55 1.95 13.37 7.88 2.02 17.66 23.56 28.75 13.79 2.52 3.89 1.74 14.92 14.19 1.42 4.4 21.6 29.43 14.47 3.83 6.3 32.44 4.98 57.55 6.73 1.54 2.85 13.43 6.09 17.73 57.55 3.56 30.79 10.87 47.25 8.52 0.75 6.82 14.84 6.87 18.19 13.32 
5.55 0 3.23 7.14 15.39 2.94 20.63 17.71 29.16 4.44 11.53 5.76 1.81 4.91 5.03 1.8 3.81 27.29 32.15 3.21 1.48 1.77 37.77 1.5 55.82 1.74 11.62 11.38 4.08 13.18 6.94 62.71 3.43 42.84 18.85 53.43 3.14 4.92 0.7 21.9 1.92 7.4 18.89 
1.95 3.23 0 6.81 5.08 0.68 22.04 17.78 25.01 15.19 9.53 8.33 2.61 8.3 7.55 1.41 0.97 18.33 33.41 11.73 5.9 8.32 29.18 7.01 53.48 8.74 4.59 9.87 14.84 3.54 12.26 52.56 0.75 38.52 8.35 43.14 9.93 3.18 7.26 22.4 8.88 12.72 16.91 
13.37 7.14 6.81 0 7.17 6.86 25.34 9.76 19.57 15.96 19.16 12.97 9.53 3.92 0.76 8.4 1.57 20.79 38.16 12.1 7.17 8.51 28.62 7.19 45.94 8.93 15.04 19.6 15.76 9.25 10.35 52.98 2.03 47.88 12.47 43.54 10.42 13.25 8.09 26.62 9.07 8.93 23.52 
7.88 15.39 5.08 7.17 0 5.78 28.99 17.96 23.15 25.53 12.26 15.42 10.58 13.4 11.32 7.7 3.11 13.24 34.61 21.19 15.58 17.71 23.79 16.43 51.16 18.13 7.3 12.59 25.25 1.68 19.49 46.45 3.53 40.69 3.01 36.89 19.25 5.96 18.13 24.24 18.26 18.11 23.97 
2.02 2.94 0.68 6.86 5.78 0 19.4 19.44 28.46 13.88 8.37 6.39 1.97 10.29 9.52 0.73 1.48 20.18 31.08 11.94 4.09 6.72 31 5.25 55.78 7.14 4.46 8.23 13.53 5.79 12.46 54.84 1.25 36.24 10.57 45.46 9.15 1.71 6.02 20.54 7.29 12.92 15.02 
17.66 20.63 22.04 25.34 28.99 19.4 0 38.37 52.77 20.89 8.85 11.49 17.85 28.53 27.62 17.33 24.25 43.13 10.15 27.28 16.45 14.88 56.53 14.22 79.5 13.56 17.16 13.86 20.47 24.04 34.95 86.03 24.65 22.8 31.48 63.41 12.09 15.78 19.83 1.51 14.72 33.31 1.78 
23.56 17.71 17.78 9.76 17.96 19.44 38.37 0 3.8 21.68 29.84 25.68 22.38 9.04 7.89 20.9 12.34 25.49 53.84 18.89 20.07 21.37 23.78 20.09 31.03 21.78 24.74 29.69 21.39 19.02 12.99 50.1 13.53 59.56 21.51 49.29 23.26 23.5 21.48 41.07 23.61 11.58 37.09 
28.75 29.16 25.01 19.57 23.15 28.46 52.77 3.8 0 29.91 39.52 33.98 30.6 18.03 18.16 29.15 20.74 25.05 63.73 27.17 28.32 29.58 19.72 28.34 29.92 30 31.3 39.3 29.62 24.55 20.49 44.75 21.9 64.33 26.84 46.14 31.46 31.71 30.03 51.16 31.8 19.12 47.21 
13.79 4.44 15.19 15.96 25.53 13.88 20.89 21.68 29.91 0 14.58 8.37 7.44 5.53 12.69 10.08 14.93 39.27 32.54 4.08 6.63 2.48 45.92 4.84 58.76 2.69 17.74 17.52 1.05 23.64 8.74 70.58 13.85 41.93 28.21 65.55 3.85 11.17 1.96 22.36 2.63 10.34 18.86 
2.52 11.53 9.53 19.16 12.26 8.37 8.85 29.84 39.52 14.58 0 3.45 6.35 21.83 22.43 5.8 12.89 29.34 17.21 20.87 9.15 10.41 36.41 9.03 67.6 9.06 1.99 1 15.79 8.94 25.29 63.84 11.98 21.6 13.68 46.51 7.32 1.68 13.74 6.43 9.64 26.44 5.73 
3.89 5.76 8.33 12.97 15.42 6.39 11.49 25.68 33.98 8.37 3.45 0 3.43 13.22 13.45 6.11 10.54 31.22 24.47 13.14 1.94 1.73 44.55 1.39 62.56 1.28 11.15 8.48 5.87 17.13 17.67 69.2 10.27 29.34 21.79 59.12 1.08 5.74 5.08 13.9 1.59 17.93 7.72 
1.74 1.81 2.61 9.53 10.58 1.97 17.85 22.38 30.6 7.44 6.35 3.43 0 13.24 14.6 1.59 6.27 25.61 27.99 12.31 1.9 2.68 37.57 1.91 62.56 3.1 5.28 5.04 9.08 11.35 17.22 62.51 5.93 32.54 16.08 49.66 5.13 0.87 5.09 17.46 3.25 17.68 12.75 
14.92 4.91 8.3 3.92 13.4 10.29 28.53 9.04 18.03 5.53 21.83 13.22 13.24 0 1.72 11.83 4.25 30.32 42.95 2.35 10.61 9.98 32.19 9.86 45.28 10.72 18.5 22.51 5.7 13.87 1.61 57.38 5.47 50.82 18.55 52.69 12.19 16.21 4 30.4 10.72 1.19 25.76 
14.19 5.03 7.55 0.76 11.32 9.52 27.62 7.89 18.16 12.69 22.43 13.45 14.6 1.72 0 10.91 3.37 23.6 41.01 9.76 9.69 11.02 29.7 9.71 44.71 11.44 17.49 22.02 13.17 11.75 7.66 54.12 4.59 50.65 14.94 44.72 12.92 15.73 5.98 28.99 11.58 6.22 25.91 
1.42 1.8 1.41 8.4 7.7 0.73 17.33 20.9 29.15 10.08 5.8 6.11 1.59 11.83 10.91 0 2.04 22.42 28.59 10.2 1.95 4.19 33.34 2.73 59.21 4.61 4.88 5.58 11.36 8.11 13.96 58.37 1.84 33.12 12.86 48.1 6.64 1.02 3.48 17.98 4.76 14.42 12.41 
4.4 3.81 0.97 1.57 3.11 1.48 24.25 12.34 20.74 14.93 12.89 10.54 6.27 4.25 3.37 2.04 0 18.09 37.09 12.06 6.17 8.59 28.97 7.28 47.36 9.01 8.04 13.06 15.11 3.27 10.53 53.31 0.25 43.29 8.1 42.94 10.77 6.62 7.9 25.25 9.15 9.11 19.8 
21.6 27.29 18.33 20.79 13.24 20.18 43.13 25.49 25.05 39.27 29.34 31.22 25.61 30.32 23.6 22.42 18.09 0 40.77 39.24 28.44 30.76 5.58 29.54 62.5 31.18 16.54 27.34 39.76 10.48 33.27 28.44 17.62 30 3.9 18.65 32.01 21.6 31.31 44.49 31.29 31.96 38 
Dimension>85
Bandera>13
Fitness Greedy Costo>474.34
Solucion Greedy Costo>37 12 0 15 5 2 32 0 26 10 27 0 20 23 21 40 0 11 36 25 38 0 16 3 14 13 0 1 19 41 30 0 29 34 4 17 0 42 6 39 18 0 28 9 7 43 0 8 22 31 35 0 33 0 24 0 0 0 0 0 0 0 0 0 0 0 0 0 0 0 0 0 0 0 0 0 0 0 0 0 0 0 0 0 0 
Linea Vacia>
Dimension>85
Bandera>13
Fitness Greedy Costo>474.34
Solucion Greedy Costo>37 12 0 15 5 2 32 0 26 10 27 0 20 23 21 40 0 11 36 25 38 0 16 3 14 13 0 1 19 41 30 0 29 34 4 17 0 42 6 39 18 0 28 9 7 43 0 8 22 31 35 0 33 0 24 0 0 0 0 0 0 0 0 0 0 0 0 0 0 0 0 0 0 0 0 0 0 0 0 0 0 0 0 0 0 
Linea Vacia>
Dimension>85
Bandera>13
Fitness Greedy Costo>474.34
Solucion Greedy Costo>37 12 0 15 5 2 32 0 26 10 27 0 20 23 21 40 0 11 36 25 38 0 16 3 14 13 0 1 19 41 30 0 29 34 4 17 0 42 6 39 18 0 28 9 7 43 0 8 22 31 35 0 33 0 24 0 0 0 0 0 0 0 0 0 0 0 0 0 0 0 0 0 0 0 0 0 0 0 0 0 0 0 0 0 0 
Linea Vacia>
Matriz de Costos>
0 5.55 1.95 13.37 7.88 2.02 17.66 23.56 28.75 13.79 2.52 3.89 1.74 14.92 14.19 1.42 4.4 21.6 29.43 14.47 3.83 6.3 32.44 4.98 57.55 6.73 1.54 2.85 13.43 6.09 17.73 57.55 3.56 30.79 10.87 47.25 8.52 0.75 6.82 14.84 6.87 18.19 13.32 
5.55 0 3.23 7.14 15.39 2.94 20.63 17.71 29.16 4.44 11.53 5.76 1.81 4.91 5.03 1.8 3.81 27.29 32.15 3.21 1.48 1.77 37.77 1.5 55.82 1.74 11.62 11.38 4.08 13.18 6.94 62.71 3.43 42.84 18.85 53.43 3.14 4.92 0.7 21.9 1.92 7.4 18.89 
1.95 3.23 0 6.81 5.08 0.68 22.04 17.78 25.01 15.19 9.53 8.33 2.61 8.3 7.55 1.41 0.97 18.33 33.41 11.73 5.9 8.32 29.18 7.01 53.48 8.74 4.59 9.87 14.84 3.54 12.26 52.56 0.75 38.52 8.35 43.14 9.93 3.18 7.26 22.4 8.88 12.72 16.91 
13.37 7.14 6.81 0 7.17 6.86 25.34 9.76 19.57 15.96 19.16 12.97 9.53 3.92 0.76 8.4 1.57 20.79 38.16 12.1 7.17 8.51 28.62 7.19 45.94 8.93 15.04 19.6 15.76 9.25 10.35 52.98 2.03 47.88 12.47 43.54 10.42 13.25 8.09 26.62 9.07 8.93 23.52 
7.88 15.39 5.08 7.17 0 5.78 28.99 17.96 23.15 25.53 12.26 15.42 10.58 13.4 11.32 7.7 3.11 13.24 34.61 21.19 15.58 17.71 23.79 16.43 51.16 18.13 7.3 12.59 25.25 1.68 19.49 46.45 3.53 40.69 3.01 36.89 19.25 5.96 18.13 24.24 18.26 18.11 23.97 
2.02 2.94 0.68 6.86 5.78 0 19.4 19.44 28.46 13.88 8.37 6.39 1.97 10.29 9.52 0.73 1.48 20.18 31.08 11.94 4.09 6.72 31 5.25 55.78 7.14 4.46 8.23 13.53 5.79 12.46 54.84 1.25 36.24 10.57 45.46 9.15 1.71 6.02 20.54 7.29 12.92 15.02 
17.66 20.63 22.04 25.34 28.99 19.4 0 38.37 52.77 20.89 8.85 11.49 17.85 28.53 27.62 17.33 24.25 43.13 10.15 27.28 16.45 14.88 56.53 14.22 79.5 13.56 17.16 13.86 20.47 24.04 34.95 86.03 24.65 22.8 31.48 63.41 12.09 15.78 19.83 1.51 14.72 33.31 1.78 
23.56 17.71 17.78 9.76 17.96 19.44 38.37 0 3.8 21.68 29.84 25.68 22.38 9.04 7.89 20.9 12.34 25.49 53.84 18.89 20.07 21.37 23.78 20.09 31.03 21.78 24.74 29.69 21.39 19.02 12.99 50.1 13.53 59.56 21.51 49.29 23.26 23.5 21.48 41.07 23.61 11.58 37.09 
28.75 29.16 25.01 19.57 23.15 28.46 52.77 3.8 0 29.91 39.52 33.98 30.6 18.03 18.16 29.15 20.74 25.05 63.73 27.17 28.32 29.58 19.72 28.34 29.92 30 31.3 39.3 29.62 24.55 20.49 44.75 21.9 64.33 26.84 46.14 31.46 31.71 30.03 51.16 31.8 19.12 47.21 
13.79 4.44 15.19 15.96 25.53 13.88 20.89 21.68 29.91 0 14.58 8.37 7.44 5.53 12.69 10.08 14.93 39.27 32.54 4.08 6.63 2.48 45.92 4.84 58.76 2.69 17.74 17.52 1.05 23.64 8.74 70.58 13.85 41.93 28.21 65.55 3.85 11.17 1.96 22.36 2.63 10.34 18.86 
2.52 11.53 9.53 19.16 12.26 8.37 8.85 29.84 39.52 14.58 0 3.45 6.35 21.83 22.43 5.8 12.89 29.34 17.21 20.87 9.15 10.41 36.41 9.03 67.6 9.06 1.99 1 15.79 8.94 25.29 63.84 11.98 21.6 13.68 46.51 7.32 1.68 13.74 6.43 9.64 26.44 5.73 
3.89 5.76 8.33 12.97 15.42 6.39 11.49 25.68 33.98 8.37 3.45 0 3.43 13.22 13.45 6.11 10.54 31.22 24.47 13.14 1.94 1.73 44.55 1.39 62.56 1.28 11.15 8.48 5.87 17.13 17.67 69.2 10.27 29.34 21.79 59.12 1.08 5.74 5.08 13.9 1.59 17.93 7.72 
1.74 1.81 2.61 9.53 10.58 1.97 17.85 22.38 30.6 7.44 6.35 3.43 0 13.24 14.6 1.59 6.27 25.61 27.99 12.31 1.9 2.68 37.57 1.91 62.56 3.1 5.28 5.04 9.08 11.35 17.22 62.51 5.93 32.54 16.08 49.66 5.13 0.87 5.09 17.46 3.25 17.68 12.75 
14.92 4.91 8.3 3.92 13.4 10.29 28.53 9.04 18.03 5.53 21.83 13.22 13.24 0 1.72 11.83 4.25 30.32 42.95 2.35 10.61 9.98 32.19 9.86 45.28 10.72 18.5 22.51 5.7 13.87 1.61 57.38 5.47 50.82 18.55 52.69 12.19 16.21 4 30.4 10.72 1.19 25.76 
14.19 5.03 7.55 0.76 11.32 9.52 27.62 7.89 18.16 12.69 22.43 13.45 14.6 1.72 0 10.91 3.37 23.6 41.01 9.76 9.69 11.02 29.7 9.71 44.71 11.44 17.49 22.02 13.17 11.75 7.66 54.12 4.59 50.65 14.94 44.72 12.92 15.73 5.98 28.99 11.58 6.22 25.91 
1.42 1.8 1.41 8.4 7.7 0.73 17.33 20.9 29.15 10.08 5.8 6.11 1.59 11.83 10.91 0 2.04 22.42 28.59 10.2 1.95 4.19 33.34 2.73 59.21 4.61 4.88 5.58 11.36 8.11 13.96 58.37 1.84 33.12 12.86 48.1 6.64 1.02 3.48 17.98 4.76 14.42 12.41 
4.4 3.81 0.97 1.57 3.11 1.48 24.25 12.34 20.74 14.93 12.89 10.54 6.27 4.25 3.37 2.04 0 18.09 37.09 12.06 6.17 8.59 28.97 7.28 47.36 9.01 8.04 13.06 15.11 3.27 10.53 53.31 0.25 43.29 8.1 42.94 10.77 6.62 7.9 25.25 9.15 9.11 19.8 
21.6 27.29 18.33 20.79 13.24 20.18 43.13 25.49 25.05 39.27 29.34 31.22 25.61 30.32 23.6 22.42 18.09 0 40.77 39.24 28.44 30.76 5.58 29.54 62.5 31.18 16.54 27.34 39.76 10.48 33.27 28.44 17.62 30 3.9 18.65 32.01 21.6 31.31 44.49 31.29 31.96 38 
Dimension>85
Bandera>13
Fitness Greedy Costo>474.34
Solucion Greedy Costo>37 12 0 15 5 2 32 0 26 10 27 0 20 23 21 40 0 11 36 25 38 0 16 3 14 13 0 1 19 41 30 0 29 34 4 17 0 42 6 39 18 0 28 9 7 43 0 8 22 31 35 0 33 0 24 0 0 0 0 0 0 0 0 0 0 0 0 0 0 0 0 0 0 0 0 0 0 0 0 0 0 0 0 0 0 
Linea Vacia>
Matriz de Costos>
0 5.55 1.95 13.37 7.88 2.02 17.66 23.56 28.75 13.79 2.52 3.89 1.74 14.92 14.19 1.42 4.4 21.6 29.43 14.47 3.83 6.3 32.44 4.98 57.55 6.73 1.54 2.85 13.43 6.09 17.73 57.55 3.56 30.79 10.87 47.25 8.52 0.75 6.82 14.84 6.87 18.19 13.32 
5.55 0 3.23 7.14 15.39 2.94 20.63 17.71 29.16 4.44 11.53 5.76 1.81 4.91 5.03 1.8 3.81 27.29 32.15 3.21 1.48 1.77 37.77 1.5 55.82 1.74 11.62 11.38 4.08 13.18 6.94 62.71 3.43 42.84 18.85 53.43 3.14 4.92 0.7 21.9 1.92 7.4 18.89 
1.95 3.23 0 6.81 5.08 0.68 22.04 17.78 25.01 15.19 9.53 8.33 2.61 8.3 7.55 1.41 0.97 18.33 33.41 11.73 5.9 8.32 29.18 7.01 53.48 8.74 4.59 9.87 14.84 3.54 12.26 52.56 0.75 38.52 8.35 43.14 9.93 3.18 7.26 22.4 8.88 12.72 16.91 
13.37 7.14 6.81 0 7.17 6.86 25.34 9.76 19.57 15.96 19.16 12.97 9.53 3.92 0.76 8.4 1.57 20.79 38.16 12.1 7.17 8.51 28.62 7.19 45.94 8.93 15.04 19.6 15.76 9.25 10.35 52.98 2.03 47.88 12.47 43.54 10.42 13.25 8.09 26.62 9.07 8.93 23.52 
7.88 15.39 5.08 7.17 0 5.78 28.99 17.96 23.15 25.53 12.26 15.42 10.58 13.4 11.32 7.7 3.11 13.24 34.61 21.19 15.58 17.71 23.79 16.43 51.16 18.13 7.3 12.59 25.25 1.68 19.49 46.45 3.53 40.69 3.01 36.89 19.25 5.96 18.13 24.24 18.26 18.11 23.97 
2.02 2.94 0.68 6.86 5.78 0 19.4 19.44 28.46 13.88 8.37 6.39 1.97 10.29 9.52 0.73 1.48 20.18 31.08 11.94 4.09 6.72 31 5.25 55.78 7.14 4.46 8.23 13.53 5.79 12.46 54.84 1.25 36.24 10.57 45.46 9.15 1.71 6.02 20.54 7.29 12.92 15.02 
17.66 20.63 22.04 25.34 28.99 19.4 0 38.37 52.77 20.89 8.85 11.49 17.85 28.53 27.62 17.33 24.25 43.13 10.15 27.28 16.45 14.88 56.53 14.22 79.5 13.56 17.16 13.86 20.47 24.04 34.95 86.03 24.65 22.8 31.48 63.41 12.09 15.78 19.83 1.51 14.72 33.31 1.78 
23.56 17.71 17.78 9.76 17.96 19.44 38.37 0 3.8 21.68 29.84 25.68 22.38 9.04 7.89 20.9 12.34 25.49 53.84 18.89 20.07 21.37 23.78 20.09 31.03 21.78 24.74 29.69 21.39 19.02 12.99 50.1 13.53 59.56 21.51 49.29 23.26 23.5 21.48 41.07 23.61 11.58 37.09 
28.75 29.16 25.01 19.57 23.15 28.46 52.77 3.8 0 29.91 39.52 33.98 30.6 18.03 18.16 29.15 20.74 25.05 63.73 27.17 28.32 29.58 19.72 28.34 29.92 30 31.3 39.3 29.62 24.55 20.49 44.75 21.9 64.33 26.84 46.14 31.46 31.71 30.03 51.16 31.8 19.12 47.21 
13.79 4.44 15.19 15.96 25.53 13.88 20.89 21.68 29.91 0 14.58 8.37 7.44 5.53 12.69 10.08 14.93 39.27 32.54 4.08 6.63 2.48 45.92 4.84 58.76 2.69 17.74 17.52 1.05 23.64 8.74 70.58 13.85 41.93 28.21 65.55 3.85 11.17 1.96 22.36 2.63 10.34 18.86 
2.52 11.53 9.53 19.16 12.26 8.37 8.85 29.84 39.52 14.58 0 3.45 6.35 21.83 22.43 5.8 12.89 29.34 17.21 20.87 9.15 10.41 36.41 9.03 67.6 9.06 1.99 1 15.79 8.94 25.29 63.84 11.98 21.6 13.68 46.51 7.32 1.68 13.74 6.43 9.64 26.44 5.73 
3.89 5.76 8.33 12.97 15.42 6.39 11.49 25.68 33.98 8.37 3.45 0 3.43 13.22 13.45 6.11 10.54 31.22 24.47 13.14 1.94 1.73 44.55 1.39 62.56 1.28 11.15 8.48 5.87 17.13 17.67 69.2 10.27 29.34 21.79 59.12 1.08 5.74 5.08 13.9 1.59 17.93 7.72 
1.74 1.81 2.61 9.53 10.58 1.97 17.85 22.38 30.6 7.44 6.35 3.43 0 13.24 14.6 1.59 6.27 25.61 27.99 12.31 1.9 2.68 37.57 1.91 62.56 3.1 5.28 5.04 9.08 11.35 17.22 62.51 5.93 32.54 16.08 49.66 5.13 0.87 5.09 17.46 3.25 17.68 12.75 
Dimension>85
Bandera>13
Fitness Greedy Costo>474.34
Solucion Greedy Costo>37 12 0 15 5 2 32 0 26 10 27 0 20 23 21 40 0 11 36 25 38 0 16 3 14 13 0 1 19 41 30 0 29 34 4 17 0 42 6 39 18 0 28 9 7 43 0 8 22 31 35 0 33 0 24 0 0 0 0 0 0 0 0 0 0 0 0 0 0 0 0 0 0 0 0 0 0 0 0 0 0 0 0 0 0 
Linea Vacia>
Matriz de Costos>
0 5.55 1.95 13.37 7.88 2.02 17.66 23.56 28.75 13.79 2.52 3.89 1.74 14.92 14.19 1.42 4.4 21.6 29.43 14.47 3.83 6.3 32.44 4.98 57.55 6.73 1.54 2.85 13.43 6.09 17.73 57.55 3.56 30.79 10.87 47.25 8.52 0.75 6.82 14.84 6.87 18.19 13.32 
5.55 0 3.23 7.14 15.39 2.94 20.63 17.71 29.16 4.44 11.53 5.76 1.81 4.91 5.03 1.8 3.81 27.29 32.15 3.21 1.48 1.77 37.77 1.5 55.82 1.74 11.62 11.38 4.08 13.18 6.94 62.71 3.43 42.84 18.85 53.43 3.14 4.92 0.7 21.9 1.92 7.4 18.89 
1.95 3.23 0 6.81 5.08 0.68 22.04 17.78 25.01 15.19 9.53 8.33 2.61 8.3 7.55 1.41 0.97 18.33 33.41 11.73 5.9 8.32 29.18 7.01 53.48 8.74 4.59 9.87 14.84 3.54 12.26 52.56 0.75 38.52 8.35 43.14 9.93 3.18 7.26 22.4 8.88 12.72 16.91 
13.37 7.14 6.81 0 7.17 6.86 25.34 9.76 19.57 15.96 19.16 12.97 9.53 3.92 0.76 8.4 1.57 20.79 38.16 12.1 7.17 8.51 28.62 7.19 45.94 8.93 15.04 19.6 15.76 9.25 10.35 52.98 2.03 47.88 12.47 43.54 10.42 13.25 8.09 26.62 9.07 8.93 23.52 
7.88 15.39 5.08 7.17 0 5.78 28.99 17.96 23.15 25.53 12.26 15.42 10.58 13.4 11.32 7.7 3.11 13.24 34.61 21.19 15.58 17.71 23.79 16.43 51.16 18.13 7.3 12.59 25.25 1.68 19.49 46.45 3.53 40.69 3.01 36.89 19.25 5.96 18.13 24.24 18.26 18.11 23.97 
2.02 2.94 0.68 6.86 5.78 0 19.4 19.44 28.46 13.88 8.37 6.39 1.97 10.29 9.52 0.73 1.48 20.18 31.08 11.94 4.09 6.72 31 5.25 55.78 7.14 4.46 8.23 13.53 5.79 12.46 54.84 1.25 36.24 10.57 45.46 9.15 1.71 6.02 20.54 7.29 12.92 15.02 
17.66 20.63 22.04 25.34 28.99 19.4 0 38.37 52.77 20.89 8.85 11.49 17.85 28.53 27.62 17.33 24.25 43.13 10.15 27.28 16.45 14.88 56.53 14.22 79.5 13.56 17.16 13.86 20.47 24.04 34.95 86.03 24.65 22.8 31.48 63.41 12.09 15.78 19.83 1.51 14.72 33.31 1.78 
23.56 17.71 17.78 9.76 17.96 19.44 38.37 0 3.8 21.68 29.84 25.68 22.38 9.04 7.89 20.9 12.34 25.49 53.84 18.89 20.07 21.37 23.78 20.09 31.03 21.78 24.74 29.69 21.39 19.02 12.99 50.1 13.53 59.56 21.51 49.29 23.26 23.5 21.48 41.07 23.61 11.58 37.09 
28.75 29.16 25.01 19.57 23.15 28.46 52.77 3.8 0 29.91 39.52 33.98 30.6 18.03 18.16 29.15 20.74 25.05 63.73 27.17 28.32 29.58 19.72 28.34 29.92 30 31.3 39.3 29.62 24.55 20.49 44.75 21.9 64.33 26.84 46.14 31.46 31.71 30.03 51.16 31.8 19.12 47.21 
13.79 4.44 15.19 15.96 25.53 13.88 20.89 21.68 29.91 0 14.58 8.37 7.44 5.53 12.69 10.08 14.93 39.27 32.54 4.08 6.63 2.48 45.92 4.84 58.76 2.69 17.74 17.52 1.05 23.64 8.74 70.58 13.85 41.93 28.21 65.55 3.85 11.17 1.96 22.36 2.63 10.34 18.86 
2.52 11.53 9.53 19.16 12.26 8.37 8.85 29.84 39.52 14.58 0 3.45 6.35 21.83 22.43 5.8 12.89 29.34 17.21 20.87 9.15 10.41 36.41 9.03 67.6 9.06 1.99 1 15.79 8.94 25.29 63.84 11.98 21.6 13.68 46.51 7.32 1.68 13.74 6.43 9.64 26.44 5.73 
3.89 5.76 8.33 12.97 15.42 6.39 11.49 25.68 33.98 8.37 3.45 0 3.43 13.22 13.45 6.11 10.54 31.22 24.47 13.14 1.94 1.73 44.55 1.39 62.56 1.28 11.15 8.48 5.87 17.13 17.67 69.2 10.27 29.34 21.79 59.12 1.08 5.74 5.08 13.9 1.59 17.93 7.72 
1.74 1.81 2.61 9.53 10.58 1.97 17.85 22.38 30.6 7.44 6.35 3.43 0 13.24 14.6 1.59 6.27 25.61 27.99 12.31 1.9 2.68 37.57 1.91 62.56 3.1 5.28 5.04 9.08 11.35 17.22 62.51 5.93 32.54 16.08 49.66 5.13 0.87 5.09 17.46 3.25 17.68 12.75 
14.92 4.91 8.3 3.92 13.4 10.29 28.53 9.04 18.03 5.53 21.83 13.22 13.24 0 1.72 11.83 4.25 30.32 42.95 2.35 10.61 9.98 32.19 9.86 45.28 10.72 18.5 22.51 5.7 13.87 1.61 57.38 5.47 50.82 18.55 52.69 12.19 16.21 4 30.4 10.72 1.19 25.76 
14.19 5.03 7.55 0.76 11.32 9.52 27.62 7.89 18.16 12.69 22.43 13.45 14.6 1.72 0 10.91 3.37 23.6 41.01 9.76 9.69 11.02 29.7 9.71 44.71 11.44 17.49 22.02 13.17 11.75 7.66 54.12 4.59 50.65 14.94 44.72 12.92 15.73 5.98 28.99 11.58 6.22 25.91 
Dimension>85
Bandera>13
Fitness Greedy Costo>474.34
Solucion Greedy Costo>37 12 0 15 5 2 32 0 26 10 27 0 20 23 21 40 0 11 36 25 38 0 16 3 14 13 0 1 19 41 30 0 29 34 4 17 0 42 6 39 18 0 28 9 7 43 0 8 22 31 35 0 33 0 24 0 0 0 0 0 0 0 0 0 0 0 0 0 0 0 0 0 0 0 0 0 0 0 0 0 0 0 0 0 0 
Linea Vacia>
Dimension>85
Bandera>13
Fitness Greedy Costo>474.34
Solucion Greedy Costo>37 12 0 15 5 2 32 0 26 10 27 0 20 23 21 40 0 11 36 25 38 0 16 3 14 13 0 1 19 41 30 0 29 34 4 17 0 42 6 39 18 0 28 9 7 43 0 8 22 31 35 0 33 0 24 0 0 0 0 0 0 0 0 0 0 0 0 0 0 0 0 0 0 0 0 0 0 0 0 0 0 0 0 0 0 
Linea Vacia>
Matriz de Costos>
0 5.55 1.95 13.37 7.88 2.02 17.66 23.56 28.75 13.79 2.52 3.89 1.74 14.92 14.19 1.42 4.4 21.6 29.43 14.47 3.83 6.3 32.44 4.98 57.55 6.73 1.54 2.85 13.43 6.09 17.73 57.55 3.56 30.79 10.87 47.25 8.52 0.75 6.82 14.84 6.87 18.19 13.32 
5.55 0 3.23 7.14 15.39 2.94 20.63 17.71 29.16 4.44 11.53 5.76 1.81 4.91 5.03 1.8 3.81 27.29 32.15 3.21 1.48 1.77 37.77 1.5 55.82 1.74 11.62 11.38 4.08 13.18 6.94 62.71 3.43 42.84 18.85 53.43 3.14 4.92 0.7 21.9 1.92 7.4 18.89 
1.95 3.23 0 6.81 5.08 0.68 22.04 17.78 25.01 15.19 9.53 8.33 2.61 8.3 7.55 1.41 0.97 18.33 33.41 11.73 5.9 8.32 29.18 7.01 53.48 8.74 4.59 9.87 14.84 3.54 12.26 52.56 0.75 38.52 8.35 43.14 9.93 3.18 7.26 22.4 8.88 12.72 16.91 
13.37 7.14 6.81 0 7.17 6.86 25.34 9.76 19.57 15.96 19.16 12.97 9.53 3.92 0.76 8.4 1.57 20.79 38.16 12.1 7.17 8.51 28.62 7.19 45.94 8.93 15.04 19.6 15.76 9.25 10.35 52.98 2.03 47.88 12.47 43.54 10.42 13.25 8.09 26.62 9.07 8.93 23.52 
Dimension>85
Bandera>13
Fitness Greedy Costo>474.34
Solucion Greedy Costo>37 12 0 15 5 2 32 0 26 10 27 0 20 23 21 40 0 11 36 25 38 0 16 3 14 13 0 1 19 41 30 0 29 34 4 17 0 42 6 39 18 0 28 9 7 43 0 8 22 31 35 0 33 0 24 0 0 0 0 0 0 0 0 0 0 0 0 0 0 0 0 0 0 0 0 0 0 0 0 0 0 0 0 0 0 
Linea Vacia>
Dimension>85
Bandera>13
Fitness Greedy Costo>474.34
Solucion Greedy Costo>37 12 0 15 5 2 32 0 26 10 27 0 20 23 21 40 0 11 36 25 38 0 16 3 14 13 0 1 19 41 30 0 29 34 4 17 0 42 6 39 18 0 28 9 7 43 0 8 22 31 35 0 33 0 24 0 0 0 0 0 0 0 0 0 0 0 0 0 0 0 0 0 0 0 0 0 0 0 0 0 0 0 0 0 0 
Linea Vacia>
Matriz de Costos>
0 5.55 1.95 13.37 7.88 2.02 17.66 23.56 28.75 13.79 2.52 3.89 1.74 14.92 14.19 1.42 4.4 21.6 29.43 14.47 3.83 6.3 32.44 4.98 57.55 6.73 1.54 2.85 13.43 6.09 17.73 57.55 3.56 30.79 10.87 47.25 8.52 0.75 6.82 14.84 6.87 18.19 13.32 
5.55 0 3.23 7.14 15.39 2.94 20.63 17.71 29.16 4.44 11.53 5.76 1.81 4.91 5.03 1.8 3.81 27.29 32.15 3.21 1.48 1.77 37.77 1.5 55.82 1.74 11.62 11.38 4.08 13.18 6.94 62.71 3.43 42.84 18.85 53.43 3.14 4.92 0.7 21.9 1.92 7.4 18.89 
1.95 3.23 0 6.81 5.08 0.68 22.04 17.78 25.01 15.19 9.53 8.33 2.61 8.3 7.55 1.41 0.97 18.33 33.41 11.73 5.9 8.32 29.18 7.01 53.48 8.74 4.59 9.87 14.84 3.54 12.26 52.56 0.75 38.52 8.35 43.14 9.93 3.18 7.26 22.4 8.88 12.72 16.91 
13.37 7.14 6.81 0 7.17 6.86 25.34 9.76 19.57 15.96 19.16 12.97 9.53 3.92 0.76 8.4 1.57 20.79 38.16 12.1 7.17 8.51 28.62 7.19 45.94 8.93 15.04 19.6 15.76 9.25 10.35 52.98 2.03 47.88 12.47 43.54 10.42 13.25 8.09 26.62 9.07 8.93 23.52 
7.88 15.39 5.08 7.17 0 5.78 28.99 17.96 23.15 25.53 12.26 15.42 10.58 13.4 11.32 7.7 3.11 13.24 34.61 21.19 15.58 17.71 23.79 16.43 51.16 18.13 7.3 12.59 25.25 1.68 19.49 46.45 3.53 40.69 3.01 36.89 19.25 5.96 18.13 24.24 18.26 18.11 23.97 
Dimension>85
Bandera>13
Fitness Greedy Costo>474.34
Solucion Greedy Costo>37 12 0 15 5 2 32 0 26 10 27 0 20 23 21 40 0 11 36 25 38 0 16 3 14 13 0 1 19 41 30 0 29 34 4 17 0 42 6 39 18 0 28 9 7 43 0 8 22 31 35 0 33 0 24 0 0 0 0 0 0 0 0 0 0 0 0 0 0 0 0 0 0 0 0 0 0 0 0 0 0 0 0 0 0 
Linea Vacia>
Dimension>85
Bandera>13
Fitness Greedy Costo>474.34
Solucion Greedy Costo>37 12 0 15 5 2 32 0 26 10 27 0 20 23 21 40 0 11 36 25 38 0 16 3 14 13 0 1 19 41 30 0 29 34 4 17 0 42 6 39 18 0 28 9 7 43 0 8 22 31 35 0 33 0 24 0 0 0 0 0 0 0 0 0 0 0 0 0 0 0 0 0 0 0 0 0 0 0 0 0 0 0 0 0 0 
Linea Vacia>
1.42 1.8 1.41 8.4 7.7 0.73 17.33 20.9 29.15 10.08 5.8 6.11 1.59 11.83 10.91 0 2.04 22.42 28.59 10.2 1.95 4.19 33.34 2.73 59.21 4.61 4.88 5.58 11.36 8.11 13.96 58.37 1.84 33.12 12.86 48.1 6.64 1.02 3.48 17.98 4.76 14.42 12.41 
4.4 3.81 0.97 1.57 3.11 1.48 24.25 12.34 20.74 14.93 12.89 10.54 6.27 4.25 3.37 2.04 0 18.09 37.09 12.06 6.17 8.59 28.97 7.28 47.36 9.01 8.04 13.06 15.11 3.27 10.53 53.31 0.25 43.29 8.1 42.94 10.77 6.62 7.9 25.25 9.15 9.11 19.8 
21.6 27.29 18.33 20.79 13.24 20.18 43.13 25.49 25.05 39.27 29.34 31.22 25.61 30.32 23.6 22.42 18.09 0 40.77 39.24 28.44 30.76 5.58 29.54 62.5 31.18 16.54 27.34 39.76 10.48 33.27 28.44 17.62 30 3.9 18.65 32.01 21.6 31.31 44.49 31.29 31.96 38 
29.43 32.15 33.41 38.16 34.61 31.08 10.15 53.84 63.73 32.54 17.21 24.47 27.99 42.95 41.01 28.59 37.09 40.77 0 41.52 29.69 27.48 54.45 26.87 103.84 26.22 23.83 19.46 32.91 29.29 50.54 75.87 40.04 13.68 28.74 55.13 24.77 28.52 32.47 8.15 27.34 48.96 12.4 
14.47 3.21 11.73 12.1 21.19 11.94 27.28 18.89 27.17 4.08 20.87 13.14 12.31 2.35 9.76 10.2 12.06 39.24 41.52 0 12.14 11.17 42.26 11.28 55.11 12.58 20.85 22.13 6.07 21.77 1.99 66.97 12.03 52.15 26.33 62.9 13.55 17.54 5.22 31.26 11.74 1.76 26.48 
3.89 5.76 8.33 12.97 15.42 6.39 11.49 25.68 33.98 8.37 3.45 0 3.43 13.22 13.45 6.11 10.54 31.22 24.47 13.14 1.94 1.73 44.55 1.39 62.56 1.28 11.15 8.48 5.87 17.13 17.67 69.2 10.27 29.34 21.79 59.12 1.08 5.74 5.08 13.9 1.59 17.93 7.72 
1.74 1.81 2.61 9.53 10.58 1.97 17.85 22.38 30.6 7.44 6.35 3.43 0 13.24 14.6 1.59 6.27 25.61 27.99 12.31 1.9 2.68 37.57 1.91 62.56 3.1 5.28 5.04 9.08 11.35 17.22 62.51 5.93 32.54 16.08 49.66 5.13 0.87 5.09 17.46 3.25 17.68 12.75 
14.92 4.91 8.3 3.92 13.4 10.29 28.53 9.04 18.03 5.53 21.83 13.22 13.24 0 1.72 11.83 4.25 30.32 42.95 2.35 10.61 9.98 32.19 9.86 45.28 10.72 18.5 22.51 5.7 13.87 1.61 57.38 5.47 50.82 18.55 52.69 12.19 16.21 4 30.4 10.72 1.19 25.76 
1.42 1.8 1.41 8.4 7.7 0.73 17.33 20.9 29.15 10.08 5.8 6.11 1.59 11.83 10.91 0 2.04 22.42 28.59 10.2 1.95 4.19 33.34 2.73 59.21 4.61 4.88 5.58 11.36 8.11 13.96 58.37 1.84 33.12 12.86 48.1 6.64 1.02 3.48 17.98 4.76 14.42 12.41 
4.4 3.81 0.97 1.57 3.11 1.48 24.25 12.34 20.74 14.93 12.89 10.54 6.27 4.25 3.37 2.04 0 18.09 37.09 12.06 6.17 8.59 28.97 7.28 47.36 9.01 8.04 13.06 15.11 3.27 10.53 53.31 0.25 43.29 8.1 42.94 10.77 6.62 7.9 25.25 9.15 9.11 19.8 
29.43 32.15 33.41 38.16 34.61 31.08 10.15 53.84 63.73 32.54 17.21 24.47 27.99 42.95 41.01 28.59 37.09 40.77 0 41.52 29.69 27.48 54.45 26.87 103.84 26.22 23.83 19.46 32.91 29.29 50.54 75.87 40.04 13.68 28.74 55.13 24.77 28.52 32.47 8.15 27.34 48.96 12.4 
14.47 3.21 11.73 12.1 21.19 11.94 27.28 18.89 27.17 4.08 20.87 13.14 12.31 2.35 9.76 10.2 12.06 39.24 41.52 0 12.14 11.17 42.26 11.28 55.11 12.58 20.85 22.13 6.07 21.77 1.99 66.97 12.03 52.15 26.33 62.9 13.55 17.54 5.22 31.26 11.74 1.76 26.48 
29.43 32.15 33.41 38.16 34.61 31.08 10.15 53.84 63.73 32.54 17.21 24.47 27.99 42.95 41.01 28.59 37.09 40.77 0 41.52 29.69 27.48 54.45 26.87 103.84 26.22 23.83 19.46 32.91 29.29 50.54 75.87 40.04 13.68 28.74 55.13 24.77 28.52 32.47 8.15 27.34 48.96 12.4 
14.47 3.21 11.73 12.1 21.19 11.94 27.28 18.89 27.17 4.08 20.87 13.14 12.31 2.35 9.76 10.2 12.06 39.24 41.52 0 12.14 11.17 42.26 11.28 55.11 12.58 20.85 22.13 6.07 21.77 1.99 66.97 12.03 52.15 26.33 62.9 13.55 17.54 5.22 31.26 11.74 1.76 26.48 
14.92 4.91 8.3 3.92 13.4 10.29 28.53 9.04 18.03 5.53 21.83 13.22 13.24 0 1.72 11.83 4.25 30.32 42.95 2.35 10.61 9.98 32.19 9.86 45.28 10.72 18.5 22.51 5.7 13.87 1.61 57.38 5.47 50.82 18.55 52.69 12.19 16.21 4 30.4 10.72 1.19 25.76 
14.19 5.03 7.55 0.76 11.32 9.52 27.62 7.89 18.16 12.69 22.43 13.45 14.6 1.72 0 10.91 3.37 23.6 41.01 9.76 9.69 11.02 29.7 9.71 44.71 11.44 17.49 22.02 13.17 11.75 7.66 54.12 4.59 50.65 14.94 44.72 12.92 15.73 5.98 28.99 11.58 6.22 25.91 
