Dimension>27
Bandera>13
Fitness Greedy Costo>267.06
Solucion Greedy Costo>6 5 2 11 0 1 12 3 10 0 4 8 7 9 0 14 0 13 0 0 0 0 0 0 0 0 0 
Linea Vacia>
Matriz de Costos>
0 9.03 9.75 27.16 19.86 4.01 3.44 37.19 20.94 45.42 25.48 9.94 23.24 45.16 
9.93 0 17.61 23.75 21.49 5.3 8.16 28.25 28.49 48.12 32.01 17.4 16.53 58.52 
9.78 17.54 0 35.85 4.94 13.7 11.97 23.34 5.95 30.63 36.93 4.31 32.08 33.81 
30.06 22.53 35.53 0 41.29 24.45 22.8 51.26 47.93 70.57 13.66 35.77 7.87 73.43 
17.01 18.91 6.69 38.57 0 21.98 20.5 16.57 6.47 29.74 46.19 10.61 35.65 34.43 
4.56 9.8 6.05 30.07 16.34 0 7.42 35 17.49 42.34 32.52 6.56 27.04 46.17 
3.42 7.99 7.8 24.72 18.02 0.59 0 36.55 19.16 44.23 25.87 8.3 20.75 48.02 
28.24 24.48 18.41 41.2 16.56 30.06 30.28 0 22.07 21.86 56.68 22.15 33.21 48.68 
15.86 25.15 6.51 42.74 7.84 19.73 18.04 21.98 0 29.23 43.97 9.38 38.25 27 
40.42 43.69 31.43 64.57 27.62 45.05 43.15 17.53 21.83 0 71.55 34.11 55.17 48.78 
24.35 28.68 32.95 10.21 43.06 21.77 20.11 63.91 44.85 72.19 0 32.59 22.13 58.52 
7.34 15.15 4.4 33.58 13.95 11.28 9.53 31.63 14.92 38.69 34.36 0 29.77 37.27 
29.65 22.86 35.14 3.52 41.6 24.03 22.38 43.62 47.51 67.97 20.02 35.38 0 78.79 
37.01 47.39 28.24 67.55 29.14 41.72 39.79 43.32 18.46 44.16 57.53 30.98 63.42 0 
Dimension>27
Bandera>13
Fitness Greedy Costo>267.06
Solucion Greedy Costo>6 5 2 11 0 1 12 3 10 0 4 8 7 9 0 14 0 13 0 0 0 0 0 0 0 0 0 
Linea Vacia>
Matriz de Costos>
0 9.03 9.75 27.16 19.86 4.01 3.44 37.19 20.94 45.42 25.48 9.94 23.24 45.16 
9.93 0 17.61 23.75 21.49 5.3 8.16 28.25 28.49 48.12 32.01 17.4 16.53 58.52 
9.78 17.54 0 35.85 4.94 13.7 11.97 23.34 5.95 30.63 36.93 4.31 32.08 33.81 
30.06 22.53 35.53 0 41.29 24.45 22.8 51.26 47.93 70.57 13.66 35.77 7.87 73.43 
17.01 18.91 6.69 38.57 0 21.98 20.5 16.57 6.47 29.74 46.19 10.61 35.65 34.43 
4.56 9.8 6.05 30.07 16.34 0 7.42 35 17.49 42.34 32.52 6.56 27.04 46.17 
3.42 7.99 7.8 24.72 18.02 0.59 0 36.55 19.16 44.23 25.87 8.3 20.75 48.02 
28.24 24.48 18.41 41.2 16.56 30.06 30.28 0 22.07 21.86 56.68 22.15 33.21 48.68 
15.86 25.15 6.51 42.74 7.84 19.73 18.04 21.98 0 29.23 43.97 9.38 38.25 27 
40.42 43.69 31.43 64.57 27.62 45.05 43.15 17.53 21.83 0 71.55 34.11 55.17 48.78 
24.35 28.68 32.95 10.21 43.06 21.77 20.11 63.91 44.85 72.19 0 32.59 22.13 58.52 
7.34 15.15 4.4 33.58 13.95 11.28 9.53 31.63 14.92 38.69 34.36 0 29.77 37.27 
29.65 22.86 35.14 3.52 41.6 24.03 22.38 43.62 47.51 67.97 20.02 35.38 0 78.79 
37.01 47.39 28.24 67.55 29.14 41.72 39.79 43.32 18.46 44.16 57.53 30.98 63.42 0 
Dimension>27
Bandera>13
Fitness Greedy Costo>267.06
Solucion Greedy Costo>6 5 2 11 0 1 12 3 10 0 4 8 7 9 0 14 0 13 0 0 0 0 0 0 0 0 0 
Linea Vacia>
Matriz de Costos>
0 9.03 9.75 27.16 19.86 4.01 3.44 37.19 20.94 45.42 25.48 9.94 23.24 45.16 
9.93 0 17.61 23.75 21.49 5.3 8.16 28.25 28.49 48.12 32.01 17.4 16.53 58.52 
9.78 17.54 0 35.85 4.94 13.7 11.97 23.34 5.95 30.63 36.93 4.31 32.08 33.81 
30.06 22.53 35.53 0 41.29 24.45 22.8 51.26 47.93 70.57 13.66 35.77 7.87 73.43 
17.01 18.91 6.69 38.57 0 21.98 20.5 16.57 6.47 29.74 46.19 10.61 35.65 34.43 
4.56 9.8 6.05 30.07 16.34 0 7.42 35 17.49 42.34 32.52 6.56 27.04 46.17 
3.42 7.99 7.8 24.72 18.02 0.59 0 36.55 19.16 44.23 25.87 8.3 20.75 48.02 
28.24 24.48 18.41 41.2 16.56 30.06 30.28 0 22.07 21.86 56.68 22.15 33.21 48.68 
15.86 25.15 6.51 42.74 7.84 19.73 18.04 21.98 0 29.23 43.97 9.38 38.25 27 
40.42 43.69 31.43 64.57 27.62 45.05 43.15 17.53 21.83 0 71.55 34.11 55.17 48.78 
24.35 28.68 32.95 10.21 43.06 21.77 20.11 63.91 44.85 72.19 0 32.59 22.13 58.52 
7.34 15.15 4.4 33.58 13.95 11.28 9.53 31.63 14.92 38.69 34.36 0 29.77 37.27 
29.65 22.86 35.14 3.52 41.6 24.03 22.38 43.62 47.51 67.97 20.02 35.38 0 78.79 
37.01 47.39 28.24 67.55 29.14 41.72 39.79 43.32 18.46 44.16 57.53 30.98 63.42 0 
Dimension>27
Bandera>13
Fitness Greedy Costo>267.06
Solucion Greedy Costo>6 5 2 11 0 1 12 3 10 0 4 8 7 9 0 14 0 13 0 0 0 0 0 0 0 0 0 
Linea Vacia>
Matriz de Costos>
0 9.03 9.75 27.16 19.86 4.01 3.44 37.19 20.94 45.42 25.48 9.94 23.24 45.16 
9.93 0 17.61 23.75 21.49 5.3 8.16 28.25 28.49 48.12 32.01 17.4 16.53 58.52 
9.78 17.54 0 35.85 4.94 13.7 11.97 23.34 5.95 30.63 36.93 4.31 32.08 33.81 
30.06 22.53 35.53 0 41.29 24.45 22.8 51.26 47.93 70.57 13.66 35.77 7.87 73.43 
17.01 18.91 6.69 38.57 0 21.98 20.5 16.57 6.47 29.74 46.19 10.61 35.65 34.43 
4.56 9.8 6.05 30.07 16.34 0 7.42 35 17.49 42.34 32.52 6.56 27.04 46.17 
3.42 7.99 7.8 24.72 18.02 0.59 0 36.55 19.16 44.23 25.87 8.3 20.75 48.02 
28.24 24.48 18.41 41.2 16.56 30.06 30.28 0 22.07 21.86 56.68 22.15 33.21 48.68 
15.86 25.15 6.51 42.74 7.84 19.73 18.04 21.98 0 29.23 43.97 9.38 38.25 27 
40.42 43.69 31.43 64.57 27.62 45.05 43.15 17.53 21.83 0 71.55 34.11 55.17 48.78 
24.35 28.68 32.95 10.21 43.06 21.77 20.11 63.91 44.85 72.19 0 32.59 22.13 58.52 
7.34 15.15 4.4 33.58 13.95 11.28 9.53 31.63 14.92 38.69 34.36 0 29.77 37.27 
29.65 22.86 35.14 3.52 41.6 24.03 22.38 43.62 47.51 67.97 20.02 35.38 0 78.79 
37.01 47.39 28.24 67.55 29.14 41.72 39.79 43.32 18.46 44.16 57.53 30.98 63.42 0 
Dimension>27
Bandera>13
Fitness Greedy Costo>267.06
Solucion Greedy Costo>6 5 2 11 0 1 12 3 10 0 4 8 7 9 0 14 0 13 0 0 0 0 0 0 0 0 0 
Linea Vacia>
Matriz de Costos>
0 9.03 9.75 27.16 19.86 4.01 3.44 37.19 20.94 45.42 25.48 9.94 23.24 45.16 
9.93 0 17.61 23.75 21.49 5.3 8.16 28.25 28.49 48.12 32.01 17.4 16.53 58.52 
9.78 17.54 0 35.85 4.94 13.7 11.97 23.34 5.95 30.63 36.93 4.31 32.08 33.81 
30.06 22.53 35.53 0 41.29 24.45 22.8 51.26 47.93 70.57 13.66 35.77 7.87 73.43 
17.01 18.91 6.69 38.57 0 21.98 20.5 16.57 6.47 29.74 46.19 10.61 35.65 34.43 
4.56 9.8 6.05 30.07 16.34 0 7.42 35 17.49 42.34 32.52 6.56 27.04 46.17 
3.42 7.99 7.8 24.72 18.02 0.59 0 36.55 19.16 44.23 25.87 8.3 20.75 48.02 
28.24 24.48 18.41 41.2 16.56 30.06 30.28 0 22.07 21.86 56.68 22.15 33.21 48.68 
15.86 25.15 6.51 42.74 7.84 19.73 18.04 21.98 0 29.23 43.97 9.38 38.25 27 
40.42 43.69 31.43 64.57 27.62 45.05 43.15 17.53 21.83 0 71.55 34.11 55.17 48.78 
24.35 28.68 32.95 10.21 43.06 21.77 20.11 63.91 44.85 72.19 0 32.59 22.13 58.52 
7.34 15.15 4.4 33.58 13.95 11.28 9.53 31.63 14.92 38.69 34.36 0 29.77 37.27 
29.65 22.86 35.14 3.52 41.6 24.03 22.38 43.62 47.51 67.97 20.02 35.38 0 78.79 
37.01 47.39 28.24 67.55 29.14 41.72 39.79 43.32 18.46 44.16 57.53 30.98 63.42 0 
Dimension>27
Bandera>13
Fitness Greedy Costo>267.06
Solucion Greedy Costo>6 5 2 11 0 1 12 3 10 0 4 8 7 9 0 14 0 13 0 0 0 0 0 0 0 0 0 
Linea Vacia>
Matriz de Costos>
0 9.03 9.75 27.16 19.86 4.01 3.44 37.19 20.94 45.42 25.48 9.94 23.24 45.16 
9.93 0 17.61 23.75 21.49 5.3 8.16 28.25 28.49 48.12 32.01 17.4 16.53 58.52 
9.78 17.54 0 35.85 4.94 13.7 11.97 23.34 5.95 30.63 36.93 4.31 32.08 33.81 
30.06 22.53 35.53 0 41.29 24.45 22.8 51.26 47.93 70.57 13.66 35.77 7.87 73.43 
17.01 18.91 6.69 38.57 0 21.98 20.5 16.57 6.47 29.74 46.19 10.61 35.65 34.43 
4.56 9.8 6.05 30.07 16.34 0 7.42 35 17.49 42.34 32.52 6.56 27.04 46.17 
3.42 7.99 7.8 24.72 18.02 0.59 0 36.55 19.16 44.23 25.87 8.3 20.75 48.02 
28.24 24.48 18.41 41.2 16.56 30.06 30.28 0 22.07 21.86 56.68 22.15 33.21 48.68 
15.86 25.15 6.51 42.74 7.84 19.73 18.04 21.98 0 29.23 43.97 9.38 38.25 27 
40.42 43.69 31.43 64.57 27.62 45.05 43.15 17.53 21.83 0 71.55 34.11 55.17 48.78 
24.35 28.68 32.95 10.21 43.06 21.77 20.11 63.91 44.85 72.19 0 32.59 22.13 58.52 
7.34 15.15 4.4 33.58 13.95 11.28 9.53 31.63 14.92 38.69 34.36 0 29.77 37.27 
29.65 22.86 35.14 3.52 41.6 24.03 22.38 43.62 47.51 67.97 20.02 35.38 0 78.79 
37.01 47.39 28.24 67.55 29.14 41.72 39.79 43.32 18.46 44.16 57.53 30.98 63.42 0 
Dimension>27
Bandera>13
Fitness Greedy Costo>267.06
Solucion Greedy Costo>6 5 2 11 0 1 12 3 10 0 4 8 7 9 0 14 0 13 0 0 0 0 0 0 0 0 0 
Linea Vacia>
Matriz de Costos>
0 9.03 9.75 27.16 19.86 4.01 3.44 37.19 20.94 45.42 25.48 9.94 23.24 45.16 
9.93 0 17.61 23.75 21.49 5.3 8.16 28.25 28.49 48.12 32.01 17.4 16.53 58.52 
9.78 17.54 0 35.85 4.94 13.7 11.97 23.34 5.95 30.63 36.93 4.31 32.08 33.81 
30.06 22.53 35.53 0 41.29 24.45 22.8 51.26 47.93 70.57 13.66 35.77 7.87 73.43 
17.01 18.91 6.69 38.57 0 21.98 20.5 16.57 6.47 29.74 46.19 10.61 35.65 34.43 
4.56 9.8 6.05 30.07 16.34 0 7.42 35 17.49 42.34 32.52 6.56 27.04 46.17 
3.42 7.99 7.8 24.72 18.02 0.59 0 36.55 19.16 44.23 25.87 8.3 20.75 48.02 
28.24 24.48 18.41 41.2 16.56 30.06 30.28 0 22.07 21.86 56.68 22.15 33.21 48.68 
15.86 25.15 6.51 42.74 7.84 19.73 18.04 21.98 0 29.23 43.97 9.38 38.25 27 
40.42 43.69 31.43 64.57 27.62 45.05 43.15 17.53 21.83 0 71.55 34.11 55.17 48.78 
24.35 28.68 32.95 10.21 43.06 21.77 20.11 63.91 44.85 72.19 0 32.59 22.13 58.52 
7.34 15.15 4.4 33.58 13.95 11.28 9.53 31.63 14.92 38.69 34.36 0 29.77 37.27 
29.65 22.86 35.14 3.52 41.6 24.03 22.38 43.62 47.51 67.97 20.02 35.38 0 78.79 
37.01 47.39 28.24 67.55 29.14 41.72 39.79 43.32 18.46 44.16 57.53 30.98 63.42 0 
Dimension>27
Bandera>13
Fitness Greedy Costo>267.06
Solucion Greedy Costo>6 5 2 11 0 1 12 3 10 0 4 8 7 9 0 14 0 13 0 0 0 0 0 0 0 0 0 
Linea Vacia>
Matriz de Costos>
0 9.03 9.75 27.16 19.86 4.01 3.44 37.19 20.94 45.42 25.48 9.94 23.24 45.16 
9.93 0 17.61 23.75 21.49 5.3 8.16 28.25 28.49 48.12 32.01 17.4 16.53 58.52 
9.78 17.54 0 35.85 4.94 13.7 11.97 23.34 5.95 30.63 36.93 4.31 32.08 33.81 
30.06 22.53 35.53 0 41.29 24.45 22.8 51.26 47.93 70.57 13.66 35.77 7.87 73.43 
17.01 18.91 6.69 38.57 0 21.98 20.5 16.57 6.47 29.74 46.19 10.61 35.65 34.43 
4.56 9.8 6.05 30.07 16.34 0 7.42 35 17.49 42.34 32.52 6.56 27.04 46.17 
3.42 7.99 7.8 24.72 18.02 0.59 0 36.55 19.16 44.23 25.87 8.3 20.75 48.02 
28.24 24.48 18.41 41.2 16.56 30.06 30.28 0 22.07 21.86 56.68 22.15 33.21 48.68 
15.86 25.15 6.51 42.74 7.84 19.73 18.04 21.98 0 29.23 43.97 9.38 38.25 27 
40.42 43.69 31.43 64.57 27.62 45.05 43.15 17.53 21.83 0 71.55 34.11 55.17 48.78 
24.35 28.68 32.95 10.21 43.06 21.77 20.11 63.91 44.85 72.19 0 32.59 22.13 58.52 
7.34 15.15 4.4 33.58 13.95 11.28 9.53 31.63 14.92 38.69 34.36 0 29.77 37.27 
29.65 22.86 35.14 3.52 41.6 24.03 22.38 43.62 47.51 67.97 20.02 35.38 0 78.79 
37.01 47.39 28.24 67.55 29.14 41.72 39.79 43.32 18.46 44.16 57.53 30.98 63.42 0 
Dimension>27
Bandera>13
Fitness Greedy Costo>267.06
Solucion Greedy Costo>6 5 2 11 0 1 12 3 10 0 4 8 7 9 0 14 0 13 0 0 0 0 0 0 0 0 0 
Linea Vacia>
Matriz de Costos>
0 9.03 9.75 27.16 19.86 4.01 3.44 37.19 20.94 45.42 25.48 9.94 23.24 45.16 
9.93 0 17.61 23.75 21.49 5.3 8.16 28.25 28.49 48.12 32.01 17.4 16.53 58.52 
9.78 17.54 0 35.85 4.94 13.7 11.97 23.34 5.95 30.63 36.93 4.31 32.08 33.81 
30.06 22.53 35.53 0 41.29 24.45 22.8 51.26 47.93 70.57 13.66 35.77 7.87 73.43 
17.01 18.91 6.69 38.57 0 21.98 20.5 16.57 6.47 29.74 46.19 10.61 35.65 34.43 
4.56 9.8 6.05 30.07 16.34 0 7.42 35 17.49 42.34 32.52 6.56 27.04 46.17 
3.42 7.99 7.8 24.72 18.02 0.59 0 36.55 19.16 44.23 25.87 8.3 20.75 48.02 
28.24 24.48 18.41 41.2 16.56 30.06 30.28 0 22.07 21.86 56.68 22.15 33.21 48.68 
15.86 25.15 6.51 42.74 7.84 19.73 18.04 21.98 0 29.23 43.97 9.38 38.25 27 
40.42 43.69 31.43 64.57 27.62 45.05 43.15 17.53 21.83 0 71.55 34.11 55.17 48.78 
24.35 28.68 32.95 10.21 43.06 21.77 20.11 63.91 44.85 72.19 0 32.59 22.13 58.52 
7.34 15.15 4.4 33.58 13.95 11.28 9.53 31.63 14.92 38.69 34.36 0 29.77 37.27 
29.65 22.86 35.14 3.52 41.6 24.03 22.38 43.62 47.51 67.97 20.02 35.38 0 78.79 
37.01 47.39 28.24 67.55 29.14 41.72 39.79 43.32 18.46 44.16 57.53 30.98 63.42 0 
Dimension>27
Bandera>13
Fitness Greedy Costo>267.06
Solucion Greedy Costo>6 5 2 11 0 1 12 3 10 0 4 8 7 9 0 14 0 13 0 0 0 0 0 0 0 0 0 
Linea Vacia>
Matriz de Costos>
0 9.03 9.75 27.16 19.86 4.01 3.44 37.19 20.94 45.42 25.48 9.94 23.24 45.16 
9.93 0 17.61 23.75 21.49 5.3 8.16 28.25 28.49 48.12 32.01 17.4 16.53 58.52 
9.78 17.54 0 35.85 4.94 13.7 11.97 23.34 5.95 30.63 36.93 4.31 32.08 33.81 
30.06 22.53 35.53 0 41.29 24.45 22.8 51.26 47.93 70.57 13.66 35.77 7.87 73.43 
17.01 18.91 6.69 38.57 0 21.98 20.5 16.57 6.47 29.74 46.19 10.61 35.65 34.43 
4.56 9.8 6.05 30.07 16.34 0 7.42 35 17.49 42.34 32.52 6.56 27.04 46.17 
3.42 7.99 7.8 24.72 18.02 0.59 0 36.55 19.16 44.23 25.87 8.3 20.75 48.02 
28.24 24.48 18.41 41.2 16.56 30.06 30.28 0 22.07 21.86 56.68 22.15 33.21 48.68 
15.86 25.15 6.51 42.74 7.84 19.73 18.04 21.98 0 29.23 43.97 9.38 38.25 27 
40.42 43.69 31.43 64.57 27.62 45.05 43.15 17.53 21.83 0 71.55 34.11 55.17 48.78 
24.35 28.68 32.95 10.21 43.06 21.77 20.11 63.91 44.85 72.19 0 32.59 22.13 58.52 
7.34 15.15 4.4 33.58 13.95 11.28 9.53 31.63 14.92 38.69 34.36 0 29.77 37.27 
29.65 22.86 35.14 3.52 41.6 24.03 22.38 43.62 47.51 67.97 20.02 35.38 0 78.79 
37.01 47.39 28.24 67.55 29.14 41.72 39.79 43.32 18.46 44.16 57.53 30.98 63.42 0 
Dimension>27
Bandera>13
Fitness Greedy Costo>267.06
Solucion Greedy Costo>6 5 2 11 0 1 12 3 10 0 4 8 7 9 0 14 0 13 0 0 0 0 0 0 0 0 0 
Linea Vacia>
Matriz de Costos>
0 9.03 9.75 27.16 19.86 4.01 3.44 37.19 20.94 45.42 25.48 9.94 23.24 45.16 
9.93 0 17.61 23.75 21.49 5.3 8.16 28.25 28.49 48.12 32.01 17.4 16.53 58.52 
9.78 17.54 0 35.85 4.94 13.7 11.97 23.34 5.95 30.63 36.93 4.31 32.08 33.81 
30.06 22.53 35.53 0 41.29 24.45 22.8 51.26 47.93 70.57 13.66 35.77 7.87 73.43 
17.01 18.91 6.69 38.57 0 21.98 20.5 16.57 6.47 29.74 46.19 10.61 35.65 34.43 
4.56 9.8 6.05 30.07 16.34 0 7.42 35 17.49 42.34 32.52 6.56 27.04 46.17 
3.42 7.99 7.8 24.72 18.02 0.59 0 36.55 19.16 44.23 25.87 8.3 20.75 48.02 
28.24 24.48 18.41 41.2 16.56 30.06 30.28 0 22.07 21.86 56.68 22.15 33.21 48.68 
15.86 25.15 6.51 42.74 7.84 19.73 18.04 21.98 0 29.23 43.97 9.38 38.25 27 
40.42 43.69 31.43 64.57 27.62 45.05 43.15 17.53 21.83 0 71.55 34.11 55.17 48.78 
24.35 28.68 32.95 10.21 43.06 21.77 20.11 63.91 44.85 72.19 0 32.59 22.13 58.52 
7.34 15.15 4.4 33.58 13.95 11.28 9.53 31.63 14.92 38.69 34.36 0 29.77 37.27 
29.65 22.86 35.14 3.52 41.6 24.03 22.38 43.62 47.51 67.97 20.02 35.38 0 78.79 
37.01 47.39 28.24 67.55 29.14 41.72 39.79 43.32 18.46 44.16 57.53 30.98 63.42 0 
Dimension>27
Bandera>13
Fitness Greedy Costo>267.06
Solucion Greedy Costo>6 5 2 11 0 1 12 3 10 0 4 8 7 9 0 14 0 13 0 0 0 0 0 0 0 0 0 
Linea Vacia>
Matriz de Costos>
0 9.03 9.75 27.16 19.86 4.01 3.44 37.19 20.94 45.42 25.48 9.94 23.24 45.16 
9.93 0 17.61 23.75 21.49 5.3 8.16 28.25 28.49 48.12 32.01 17.4 16.53 58.52 
9.78 17.54 0 35.85 4.94 13.7 11.97 23.34 5.95 30.63 36.93 4.31 32.08 33.81 
30.06 22.53 35.53 0 41.29 24.45 22.8 51.26 47.93 70.57 13.66 35.77 7.87 73.43 
17.01 18.91 6.69 38.57 0 21.98 20.5 16.57 6.47 29.74 46.19 10.61 35.65 34.43 
4.56 9.8 6.05 30.07 16.34 0 7.42 35 17.49 42.34 32.52 6.56 27.04 46.17 
3.42 7.99 7.8 24.72 18.02 0.59 0 36.55 19.16 44.23 25.87 8.3 20.75 48.02 
28.24 24.48 18.41 41.2 16.56 30.06 30.28 0 22.07 21.86 56.68 22.15 33.21 48.68 
15.86 25.15 6.51 42.74 7.84 19.73 18.04 21.98 0 29.23 43.97 9.38 38.25 27 
40.42 43.69 31.43 64.57 27.62 45.05 43.15 17.53 21.83 0 71.55 34.11 55.17 48.78 
24.35 28.68 32.95 10.21 43.06 21.77 20.11 63.91 44.85 72.19 0 32.59 22.13 58.52 
7.34 15.15 4.4 33.58 13.95 11.28 9.53 31.63 14.92 38.69 34.36 0 29.77 37.27 
29.65 22.86 35.14 3.52 41.6 24.03 22.38 43.62 47.51 67.97 20.02 35.38 0 78.79 
37.01 47.39 28.24 67.55 29.14 41.72 39.79 43.32 18.46 44.16 57.53 30.98 63.42 0 
Dimension>27
Bandera>13
Fitness Greedy Costo>267.06
Solucion Greedy Costo>6 5 2 11 0 1 12 3 10 0 4 8 7 9 0 14 0 13 0 0 0 0 0 0 0 0 0 
Linea Vacia>
Matriz de Costos>
0 9.03 9.75 27.16 19.86 4.01 3.44 37.19 20.94 45.42 25.48 9.94 23.24 45.16 
9.93 0 17.61 23.75 21.49 5.3 8.16 28.25 28.49 48.12 32.01 17.4 16.53 58.52 
9.78 17.54 0 35.85 4.94 13.7 11.97 23.34 5.95 30.63 36.93 4.31 32.08 33.81 
30.06 22.53 35.53 0 41.29 24.45 22.8 51.26 47.93 70.57 13.66 35.77 7.87 73.43 
17.01 18.91 6.69 38.57 0 21.98 20.5 16.57 6.47 29.74 46.19 10.61 35.65 34.43 
4.56 9.8 6.05 30.07 16.34 0 7.42 35 17.49 42.34 32.52 6.56 27.04 46.17 
3.42 7.99 7.8 24.72 18.02 0.59 0 36.55 19.16 44.23 25.87 8.3 20.75 48.02 
28.24 24.48 18.41 41.2 16.56 30.06 30.28 0 22.07 21.86 56.68 22.15 33.21 48.68 
15.86 25.15 6.51 42.74 7.84 19.73 18.04 21.98 0 29.23 43.97 9.38 38.25 27 
40.42 43.69 31.43 64.57 27.62 45.05 43.15 17.53 21.83 0 71.55 34.11 55.17 48.78 
24.35 28.68 32.95 10.21 43.06 21.77 20.11 63.91 44.85 72.19 0 32.59 22.13 58.52 
7.34 15.15 4.4 33.58 13.95 11.28 9.53 31.63 14.92 38.69 34.36 0 29.77 37.27 
29.65 22.86 35.14 3.52 41.6 24.03 22.38 43.62 47.51 67.97 20.02 35.38 0 78.79 
37.01 47.39 28.24 67.55 29.14 41.72 39.79 43.32 18.46 44.16 57.53 30.98 63.42 0 
Dimension>27
Bandera>13
Fitness Greedy Costo>267.06
Solucion Greedy Costo>6 5 2 11 0 1 12 3 10 0 4 8 7 9 0 14 0 13 0 0 0 0 0 0 0 0 0 
Linea Vacia>
Matriz de Costos>
0 9.03 9.75 27.16 19.86 4.01 3.44 37.19 20.94 45.42 25.48 9.94 23.24 45.16 
9.93 0 17.61 23.75 21.49 5.3 8.16 28.25 28.49 48.12 32.01 17.4 16.53 58.52 
9.78 17.54 0 35.85 4.94 13.7 11.97 23.34 5.95 30.63 36.93 4.31 32.08 33.81 
30.06 22.53 35.53 0 41.29 24.45 22.8 51.26 47.93 70.57 13.66 35.77 7.87 73.43 
17.01 18.91 6.69 38.57 0 21.98 20.5 16.57 6.47 29.74 46.19 10.61 35.65 34.43 
4.56 9.8 6.05 30.07 16.34 0 7.42 35 17.49 42.34 32.52 6.56 27.04 46.17 
3.42 7.99 7.8 24.72 18.02 0.59 0 36.55 19.16 44.23 25.87 8.3 20.75 48.02 
28.24 24.48 18.41 41.2 16.56 30.06 30.28 0 22.07 21.86 56.68 22.15 33.21 48.68 
15.86 25.15 6.51 42.74 7.84 19.73 18.04 21.98 0 29.23 43.97 9.38 38.25 27 
40.42 43.69 31.43 64.57 27.62 45.05 43.15 17.53 21.83 0 71.55 34.11 55.17 48.78 
24.35 28.68 32.95 10.21 43.06 21.77 20.11 63.91 44.85 72.19 0 32.59 22.13 58.52 
7.34 15.15 4.4 33.58 13.95 11.28 9.53 31.63 14.92 38.69 34.36 0 29.77 37.27 
29.65 22.86 35.14 3.52 41.6 24.03 22.38 43.62 47.51 67.97 20.02 35.38 0 78.79 
37.01 47.39 28.24 67.55 29.14 41.72 39.79 43.32 18.46 44.16 57.53 30.98 63.42 0 
Dimension>27
Bandera>13
Fitness Greedy Costo>267.06
Solucion Greedy Costo>6 5 2 11 0 1 12 3 10 0 4 8 7 9 0 14 0 13 0 0 0 0 0 0 0 0 0 
Linea Vacia>
Matriz de Costos>
0 9.03 9.75 27.16 19.86 4.01 3.44 37.19 20.94 45.42 25.48 9.94 23.24 45.16 
9.93 0 17.61 23.75 21.49 5.3 8.16 28.25 28.49 48.12 32.01 17.4 16.53 58.52 
9.78 17.54 0 35.85 4.94 13.7 11.97 23.34 5.95 30.63 36.93 4.31 32.08 33.81 
30.06 22.53 35.53 0 41.29 24.45 22.8 51.26 47.93 70.57 13.66 35.77 7.87 73.43 
17.01 18.91 6.69 38.57 0 21.98 20.5 16.57 6.47 29.74 46.19 10.61 35.65 34.43 
4.56 9.8 6.05 30.07 16.34 0 7.42 35 17.49 42.34 32.52 6.56 27.04 46.17 
3.42 7.99 7.8 24.72 18.02 0.59 0 36.55 19.16 44.23 25.87 8.3 20.75 48.02 
28.24 24.48 18.41 41.2 16.56 30.06 30.28 0 22.07 21.86 56.68 22.15 33.21 48.68 
15.86 25.15 6.51 42.74 7.84 19.73 18.04 21.98 0 29.23 43.97 9.38 38.25 27 
40.42 43.69 31.43 64.57 27.62 45.05 43.15 17.53 21.83 0 71.55 34.11 55.17 48.78 
24.35 28.68 32.95 10.21 43.06 21.77 20.11 63.91 44.85 72.19 0 32.59 22.13 58.52 
7.34 15.15 4.4 33.58 13.95 11.28 9.53 31.63 14.92 38.69 34.36 0 29.77 37.27 
29.65 22.86 35.14 3.52 41.6 24.03 22.38 43.62 47.51 67.97 20.02 35.38 0 78.79 
37.01 47.39 28.24 67.55 29.14 41.72 39.79 43.32 18.46 44.16 57.53 30.98 63.42 0 
Dimension>27
Bandera>13
Fitness Greedy Costo>267.06
Solucion Greedy Costo>6 5 2 11 0 1 12 3 10 0 4 8 7 9 0 14 0 13 0 0 0 0 0 0 0 0 0 
Linea Vacia>
Matriz de Costos>
0 9.03 9.75 27.16 19.86 4.01 3.44 37.19 20.94 45.42 25.48 9.94 23.24 45.16 
9.93 0 17.61 23.75 21.49 5.3 8.16 28.25 28.49 48.12 32.01 17.4 16.53 58.52 
9.78 17.54 0 35.85 4.94 13.7 11.97 23.34 5.95 30.63 36.93 4.31 32.08 33.81 
30.06 22.53 35.53 0 41.29 24.45 22.8 51.26 47.93 70.57 13.66 35.77 7.87 73.43 
17.01 18.91 6.69 38.57 0 21.98 20.5 16.57 6.47 29.74 46.19 10.61 35.65 34.43 
4.56 9.8 6.05 30.07 16.34 0 7.42 35 17.49 42.34 32.52 6.56 27.04 46.17 
3.42 7.99 7.8 24.72 18.02 0.59 0 36.55 19.16 44.23 25.87 8.3 20.75 48.02 
28.24 24.48 18.41 41.2 16.56 30.06 30.28 0 22.07 21.86 56.68 22.15 33.21 48.68 
15.86 25.15 6.51 42.74 7.84 19.73 18.04 21.98 0 29.23 43.97 9.38 38.25 27 
40.42 43.69 31.43 64.57 27.62 45.05 43.15 17.53 21.83 0 71.55 34.11 55.17 48.78 
24.35 28.68 32.95 10.21 43.06 21.77 20.11 63.91 44.85 72.19 0 32.59 22.13 58.52 
7.34 15.15 4.4 33.58 13.95 11.28 9.53 31.63 14.92 38.69 34.36 0 29.77 37.27 
29.65 22.86 35.14 3.52 41.6 24.03 22.38 43.62 47.51 67.97 20.02 35.38 0 78.79 
37.01 47.39 28.24 67.55 29.14 41.72 39.79 43.32 18.46 44.16 57.53 30.98 63.42 0 
Dimension>27
Bandera>13
Fitness Greedy Costo>267.06
Solucion Greedy Costo>6 5 2 11 0 1 12 3 10 0 4 8 7 9 0 14 0 13 0 0 0 0 0 0 0 0 0 
Linea Vacia>
Matriz de Costos>
0 9.03 9.75 27.16 19.86 4.01 3.44 37.19 20.94 45.42 25.48 9.94 23.24 45.16 
9.93 0 17.61 23.75 21.49 5.3 8.16 28.25 28.49 48.12 32.01 17.4 16.53 58.52 
9.78 17.54 0 35.85 4.94 13.7 11.97 23.34 5.95 30.63 36.93 4.31 32.08 33.81 
30.06 22.53 35.53 0 41.29 24.45 22.8 51.26 47.93 70.57 13.66 35.77 7.87 73.43 
17.01 18.91 6.69 38.57 0 21.98 20.5 16.57 6.47 29.74 46.19 10.61 35.65 34.43 
4.56 9.8 6.05 30.07 16.34 0 7.42 35 17.49 42.34 32.52 6.56 27.04 46.17 
3.42 7.99 7.8 24.72 18.02 0.59 0 36.55 19.16 44.23 25.87 8.3 20.75 48.02 
28.24 24.48 18.41 41.2 16.56 30.06 30.28 0 22.07 21.86 56.68 22.15 33.21 48.68 
15.86 25.15 6.51 42.74 7.84 19.73 18.04 21.98 0 29.23 43.97 9.38 38.25 27 
40.42 43.69 31.43 64.57 27.62 45.05 43.15 17.53 21.83 0 71.55 34.11 55.17 48.78 
24.35 28.68 32.95 10.21 43.06 21.77 20.11 63.91 44.85 72.19 0 32.59 22.13 58.52 
7.34 15.15 4.4 33.58 13.95 11.28 9.53 31.63 14.92 38.69 34.36 0 29.77 37.27 
29.65 22.86 35.14 3.52 41.6 24.03 22.38 43.62 47.51 67.97 20.02 35.38 0 78.79 
37.01 47.39 28.24 67.55 29.14 41.72 39.79 43.32 18.46 44.16 57.53 30.98 63.42 0 
Dimension>27
Bandera>13
Fitness Greedy Costo>267.06
Solucion Greedy Costo>6 5 2 11 0 1 12 3 10 0 4 8 7 9 0 14 0 13 0 0 0 0 0 0 0 0 0 
Linea Vacia>
Matriz de Costos>
0 9.03 9.75 27.16 19.86 4.01 3.44 37.19 20.94 45.42 25.48 9.94 23.24 45.16 
9.93 0 17.61 23.75 21.49 5.3 8.16 28.25 28.49 48.12 32.01 17.4 16.53 58.52 
9.78 17.54 0 35.85 4.94 13.7 11.97 23.34 5.95 30.63 36.93 4.31 32.08 33.81 
30.06 22.53 35.53 0 41.29 24.45 22.8 51.26 47.93 70.57 13.66 35.77 7.87 73.43 
17.01 18.91 6.69 38.57 0 21.98 20.5 16.57 6.47 29.74 46.19 10.61 35.65 34.43 
4.56 9.8 6.05 30.07 16.34 0 7.42 35 17.49 42.34 32.52 6.56 27.04 46.17 
3.42 7.99 7.8 24.72 18.02 0.59 0 36.55 19.16 44.23 25.87 8.3 20.75 48.02 
28.24 24.48 18.41 41.2 16.56 30.06 30.28 0 22.07 21.86 56.68 22.15 33.21 48.68 
15.86 25.15 6.51 42.74 7.84 19.73 18.04 21.98 0 29.23 43.97 9.38 38.25 27 
40.42 43.69 31.43 64.57 27.62 45.05 43.15 17.53 21.83 0 71.55 34.11 55.17 48.78 
24.35 28.68 32.95 10.21 43.06 21.77 20.11 63.91 44.85 72.19 0 32.59 22.13 58.52 
7.34 15.15 4.4 33.58 13.95 11.28 9.53 31.63 14.92 38.69 34.36 0 29.77 37.27 
29.65 22.86 35.14 3.52 41.6 24.03 22.38 43.62 47.51 67.97 20.02 35.38 0 78.79 
37.01 47.39 28.24 67.55 29.14 41.72 39.79 43.32 18.46 44.16 57.53 30.98 63.42 0 
Dimension>27
Bandera>13
Fitness Greedy Costo>267.06
Solucion Greedy Costo>6 5 2 11 0 1 12 3 10 0 4 8 7 9 0 14 0 13 0 0 0 0 0 0 0 0 0 
Linea Vacia>
Matriz de Costos>
0 9.03 9.75 27.16 19.86 4.01 3.44 37.19 20.94 45.42 25.48 9.94 23.24 45.16 
9.93 0 17.61 23.75 21.49 5.3 8.16 28.25 28.49 48.12 32.01 17.4 16.53 58.52 
9.78 17.54 0 35.85 4.94 13.7 11.97 23.34 5.95 30.63 36.93 4.31 32.08 33.81 
30.06 22.53 35.53 0 41.29 24.45 22.8 51.26 47.93 70.57 13.66 35.77 7.87 73.43 
17.01 18.91 6.69 38.57 0 21.98 20.5 16.57 6.47 29.74 46.19 10.61 35.65 34.43 
4.56 9.8 6.05 30.07 16.34 0 7.42 35 17.49 42.34 32.52 6.56 27.04 46.17 
3.42 7.99 7.8 24.72 18.02 0.59 0 36.55 19.16 44.23 25.87 8.3 20.75 48.02 
28.24 24.48 18.41 41.2 16.56 30.06 30.28 0 22.07 21.86 56.68 22.15 33.21 48.68 
15.86 25.15 6.51 42.74 7.84 19.73 18.04 21.98 0 29.23 43.97 9.38 38.25 27 
40.42 43.69 31.43 64.57 27.62 45.05 43.15 17.53 21.83 0 71.55 34.11 55.17 48.78 
24.35 28.68 32.95 10.21 43.06 21.77 20.11 63.91 44.85 72.19 0 32.59 22.13 58.52 
7.34 15.15 4.4 33.58 13.95 11.28 9.53 31.63 14.92 38.69 34.36 0 29.77 37.27 
29.65 22.86 35.14 3.52 41.6 24.03 22.38 43.62 47.51 67.97 20.02 35.38 0 78.79 
37.01 47.39 28.24 67.55 29.14 41.72 39.79 43.32 18.46 44.16 57.53 30.98 63.42 0 
Dimension>27
Bandera>13
Fitness Greedy Costo>267.06
Solucion Greedy Costo>6 5 2 11 0 1 12 3 10 0 4 8 7 9 0 14 0 13 0 0 0 0 0 0 0 0 0 
Linea Vacia>
Matriz de Costos>
0 9.03 9.75 27.16 19.86 4.01 3.44 37.19 20.94 45.42 25.48 9.94 23.24 45.16 
9.93 0 17.61 23.75 21.49 5.3 8.16 28.25 28.49 48.12 32.01 17.4 16.53 58.52 
9.78 17.54 0 35.85 4.94 13.7 11.97 23.34 5.95 30.63 36.93 4.31 32.08 33.81 
30.06 22.53 35.53 0 41.29 24.45 22.8 51.26 47.93 70.57 13.66 35.77 7.87 73.43 
17.01 18.91 6.69 38.57 0 21.98 20.5 16.57 6.47 29.74 46.19 10.61 35.65 34.43 
4.56 9.8 6.05 30.07 16.34 0 7.42 35 17.49 42.34 32.52 6.56 27.04 46.17 
3.42 7.99 7.8 24.72 18.02 0.59 0 36.55 19.16 44.23 25.87 8.3 20.75 48.02 
28.24 24.48 18.41 41.2 16.56 30.06 30.28 0 22.07 21.86 56.68 22.15 33.21 48.68 
15.86 25.15 6.51 42.74 7.84 19.73 18.04 21.98 0 29.23 43.97 9.38 38.25 27 
40.42 43.69 31.43 64.57 27.62 45.05 43.15 17.53 21.83 0 71.55 34.11 55.17 48.78 
24.35 28.68 32.95 10.21 43.06 21.77 20.11 63.91 44.85 72.19 0 32.59 22.13 58.52 
7.34 15.15 4.4 33.58 13.95 11.28 9.53 31.63 14.92 38.69 34.36 0 29.77 37.27 
29.65 22.86 35.14 3.52 41.6 24.03 22.38 43.62 47.51 67.97 20.02 35.38 0 78.79 
37.01 47.39 28.24 67.55 29.14 41.72 39.79 43.32 18.46 44.16 57.53 30.98 63.42 0 
Dimension>27
Bandera>13
Fitness Greedy Costo>267.06
Solucion Greedy Costo>6 5 2 11 0 1 12 3 10 0 4 8 7 9 0 14 0 13 0 0 0 0 0 0 0 0 0 
Linea Vacia>
Matriz de Costos>
0 9.03 9.75 27.16 19.86 4.01 3.44 37.19 20.94 45.42 25.48 9.94 23.24 45.16 
9.93 0 17.61 23.75 21.49 5.3 8.16 28.25 28.49 48.12 32.01 17.4 16.53 58.52 
9.78 17.54 0 35.85 4.94 13.7 11.97 23.34 5.95 30.63 36.93 4.31 32.08 33.81 
30.06 22.53 35.53 0 41.29 24.45 22.8 51.26 47.93 70.57 13.66 35.77 7.87 73.43 
17.01 18.91 6.69 38.57 0 21.98 20.5 16.57 6.47 29.74 46.19 10.61 35.65 34.43 
4.56 9.8 6.05 30.07 16.34 0 7.42 35 17.49 42.34 32.52 6.56 27.04 46.17 
3.42 7.99 7.8 24.72 18.02 0.59 0 36.55 19.16 44.23 25.87 8.3 20.75 48.02 
28.24 24.48 18.41 41.2 16.56 30.06 30.28 0 22.07 21.86 56.68 22.15 33.21 48.68 
15.86 25.15 6.51 42.74 7.84 19.73 18.04 21.98 0 29.23 43.97 9.38 38.25 27 
40.42 43.69 31.43 64.57 27.62 45.05 43.15 17.53 21.83 0 71.55 34.11 55.17 48.78 
24.35 28.68 32.95 10.21 43.06 21.77 20.11 63.91 44.85 72.19 0 32.59 22.13 58.52 
7.34 15.15 4.4 33.58 13.95 11.28 9.53 31.63 14.92 38.69 34.36 0 29.77 37.27 
29.65 22.86 35.14 3.52 41.6 24.03 22.38 43.62 47.51 67.97 20.02 35.38 0 78.79 
37.01 47.39 28.24 67.55 29.14 41.72 39.79 43.32 18.46 44.16 57.53 30.98 63.42 0 
Dimension>27
Bandera>13
Fitness Greedy Costo>267.06
Solucion Greedy Costo>6 5 2 11 0 1 12 3 10 0 4 8 7 9 0 14 0 13 0 0 0 0 0 0 0 0 0 
Linea Vacia>
Matriz de Costos>
0 9.03 9.75 27.16 19.86 4.01 3.44 37.19 20.94 45.42 25.48 9.94 23.24 45.16 
9.93 0 17.61 23.75 21.49 5.3 8.16 28.25 28.49 48.12 32.01 17.4 16.53 58.52 
9.78 17.54 0 35.85 4.94 13.7 11.97 23.34 5.95 30.63 36.93 4.31 32.08 33.81 
30.06 22.53 35.53 0 41.29 24.45 22.8 51.26 47.93 70.57 13.66 35.77 7.87 73.43 
17.01 18.91 6.69 38.57 0 21.98 20.5 16.57 6.47 29.74 46.19 10.61 35.65 34.43 
4.56 9.8 6.05 30.07 16.34 0 7.42 35 17.49 42.34 32.52 6.56 27.04 46.17 
3.42 7.99 7.8 24.72 18.02 0.59 0 36.55 19.16 44.23 25.87 8.3 20.75 48.02 
28.24 24.48 18.41 41.2 16.56 30.06 30.28 0 22.07 21.86 56.68 22.15 33.21 48.68 
15.86 25.15 6.51 42.74 7.84 19.73 18.04 21.98 0 29.23 43.97 9.38 38.25 27 
40.42 43.69 31.43 64.57 27.62 45.05 43.15 17.53 21.83 0 71.55 34.11 55.17 48.78 
24.35 28.68 32.95 10.21 43.06 21.77 20.11 63.91 44.85 72.19 0 32.59 22.13 58.52 
7.34 15.15 4.4 33.58 13.95 11.28 9.53 31.63 14.92 38.69 34.36 0 29.77 37.27 
29.65 22.86 35.14 3.52 41.6 24.03 22.38 43.62 47.51 67.97 20.02 35.38 0 78.79 
37.01 47.39 28.24 67.55 29.14 41.72 39.79 43.32 18.46 44.16 57.53 30.98 63.42 0 
Dimension>27
Bandera>13
Fitness Greedy Costo>267.06
Solucion Greedy Costo>6 5 2 11 0 1 12 3 10 0 4 8 7 9 0 14 0 13 0 0 0 0 0 0 0 0 0 
Linea Vacia>
Matriz de Costos>
0 9.03 9.75 27.16 19.86 4.01 3.44 37.19 20.94 45.42 25.48 9.94 23.24 45.16 
9.93 0 17.61 23.75 21.49 5.3 8.16 28.25 28.49 48.12 32.01 17.4 16.53 58.52 
9.78 17.54 0 35.85 4.94 13.7 11.97 23.34 5.95 30.63 36.93 4.31 32.08 33.81 
30.06 22.53 35.53 0 41.29 24.45 22.8 51.26 47.93 70.57 13.66 35.77 7.87 73.43 
17.01 18.91 6.69 38.57 0 21.98 20.5 16.57 6.47 29.74 46.19 10.61 35.65 34.43 
4.56 9.8 6.05 30.07 16.34 0 7.42 35 17.49 42.34 32.52 6.56 27.04 46.17 
3.42 7.99 7.8 24.72 18.02 0.59 0 36.55 19.16 44.23 25.87 8.3 20.75 48.02 
28.24 24.48 18.41 41.2 16.56 30.06 30.28 0 22.07 21.86 56.68 22.15 33.21 48.68 
15.86 25.15 6.51 42.74 7.84 19.73 18.04 21.98 0 29.23 43.97 9.38 38.25 27 
40.42 43.69 31.43 64.57 27.62 45.05 43.15 17.53 21.83 0 71.55 34.11 55.17 48.78 
24.35 28.68 32.95 10.21 43.06 21.77 20.11 63.91 44.85 72.19 0 32.59 22.13 58.52 
Dimension>27
Bandera>13
Fitness Greedy Costo>267.06
Solucion Greedy Costo>6 5 2 11 0 1 12 3 10 0 4 8 7 9 0 14 0 13 0 0 0 0 0 0 0 0 0 
Linea Vacia>
Matriz de Costos>
7.34 15.15 4.4 33.58 13.95 11.28 9.53 31.63 14.92 38.69 34.36 0 29.77 37.27 
29.65 22.86 35.14 3.52 41.6 24.03 22.38 43.62 47.51 67.97 20.02 35.38 0 78.79 
37.01 47.39 28.24 67.55 29.14 41.72 39.79 43.32 18.46 44.16 57.53 30.98 63.42 0 
0 9.03 9.75 27.16 19.86 4.01 3.44 37.19 20.94 45.42 25.48 9.94 23.24 45.16 
9.93 0 17.61 23.75 21.49 5.3 8.16 28.25 28.49 48.12 32.01 17.4 16.53 58.52 
9.78 17.54 0 35.85 4.94 13.7 11.97 23.34 5.95 30.63 36.93 4.31 32.08 33.81 
30.06 22.53 35.53 0 41.29 24.45 22.8 51.26 47.93 70.57 13.66 35.77 7.87 73.43 
17.01 18.91 6.69 38.57 0 21.98 20.5 16.57 6.47 29.74 46.19 10.61 35.65 34.43 
4.56 9.8 6.05 30.07 16.34 0 7.42 35 17.49 42.34 32.52 6.56 27.04 46.17 
3.42 7.99 7.8 24.72 18.02 0.59 0 36.55 19.16 44.23 25.87 8.3 20.75 48.02 
28.24 24.48 18.41 41.2 16.56 30.06 30.28 0 22.07 21.86 56.68 22.15 33.21 48.68 
15.86 25.15 6.51 42.74 7.84 19.73 18.04 21.98 0 29.23 43.97 9.38 38.25 27 
40.42 43.69 31.43 64.57 27.62 45.05 43.15 17.53 21.83 0 71.55 34.11 55.17 48.78 
24.35 28.68 32.95 10.21 43.06 21.77 20.11 63.91 44.85 72.19 0 32.59 22.13 58.52 
Dimension>27
Bandera>13
Fitness Greedy Costo>267.06
Solucion Greedy Costo>6 5 2 11 0 1 12 3 10 0 4 8 7 9 0 14 0 13 0 0 0 0 0 0 0 0 0 
Linea Vacia>
7.34 15.15 4.4 33.58 13.95 11.28 9.53 31.63 14.92 38.69 34.36 0 29.77 37.27 
29.65 22.86 35.14 3.52 41.6 24.03 22.38 43.62 47.51 67.97 20.02 35.38 0 78.79 
37.01 47.39 28.24 67.55 29.14 41.72 39.79 43.32 18.46 44.16 57.53 30.98 63.42 0 
Matriz de Costos>
0 9.03 9.75 27.16 19.86 4.01 3.44 37.19 20.94 45.42 25.48 9.94 23.24 45.16 
9.93 0 17.61 23.75 21.49 5.3 8.16 28.25 28.49 48.12 32.01 17.4 16.53 58.52 
9.78 17.54 0 35.85 4.94 13.7 11.97 23.34 5.95 30.63 36.93 4.31 32.08 33.81 
30.06 22.53 35.53 0 41.29 24.45 22.8 51.26 47.93 70.57 13.66 35.77 7.87 73.43 
17.01 18.91 6.69 38.57 0 21.98 20.5 16.57 6.47 29.74 46.19 10.61 35.65 34.43 
4.56 9.8 6.05 30.07 16.34 0 7.42 35 17.49 42.34 32.52 6.56 27.04 46.17 
3.42 7.99 7.8 24.72 18.02 0.59 0 36.55 19.16 44.23 25.87 8.3 20.75 48.02 
28.24 24.48 18.41 41.2 16.56 30.06 30.28 0 22.07 21.86 56.68 22.15 33.21 48.68 
15.86 25.15 6.51 42.74 7.84 19.73 18.04 21.98 0 29.23 43.97 9.38 38.25 27 
40.42 43.69 31.43 64.57 27.62 45.05 43.15 17.53 21.83 0 71.55 34.11 55.17 48.78 
24.35 28.68 32.95 10.21 43.06 21.77 20.11 63.91 44.85 72.19 0 32.59 22.13 58.52 
7.34 15.15 4.4 33.58 13.95 11.28 9.53 31.63 14.92 38.69 34.36 0 29.77 37.27 
29.65 22.86 35.14 3.52 41.6 24.03 22.38 43.62 47.51 67.97 20.02 35.38 0 78.79 
37.01 47.39 28.24 67.55 29.14 41.72 39.79 43.32 18.46 44.16 57.53 30.98 63.42 0 
GEN 0 267.060000
GREEDY 0 0.000000
GEN 0 267.060000
GREEDY 0 0.000000
GEN 0 267.060000
GREEDY 0 0.000000
TIEMPO 0 267.060000
TIEMPO 0 267.060000
TIEMPO 0 267.060000
GEN 0 267.060000
GREEDY 0 0.000000
TIEMPO 0 267.060000
GEN 0 267.060000
GREEDY 0 0.000000
TIEMPO 0 267.060000
GEN 0 267.060000
GREEDY 0 0.000000
TIEMPO 0 267.060000
GREEDY 5 0.006090
GREEDY 5 0.003789
GEN 0 267.060000
GREEDY 0 0.000000
GEN 0 267.060000
GREEDY 0 0.000000
GEN 0 267.060000
GREEDY 0 0.000000
GEN 0 267.060000
GREEDY 0 0.000000
GEN 0 261.340000
GREEDY 0 0.000000
GEN 0 267.060000
GREEDY 0 0.000000
TIEMPO 0 267.060000
TIEMPO 0 267.060000
TIEMPO 0 267.060000
TIEMPO 0 267.060000
TIEMPO 0 261.340000
TIEMPO 0 267.060000
GEN 0 267.060000
GREEDY 0 0.000000
TIEMPO 0 267.060000
GREEDY 10 0.006217
GEN 0 267.060000
GREEDY 0 0.000000
GEN 0 267.060000
GREEDY 0 0.000000
GEN 0 267.060000
GREEDY 0 0.000000
GEN 0 267.060000
GREEDY 0 0.000000
TIEMPO 0 267.060000
TIEMPO 0 267.060000
TIEMPO 0 267.060000
TIEMPO 0 267.060000
GEN 0 267.060000
GREEDY 0 0.000000
TIEMPO 0 267.060000
GEN 0 267.060000
GREEDY 0 0.000000
TIEMPO 0 267.060000
GEN 0 265.710000
GREEDY 0 0.000000
GEN 0 267.060000
GREEDY 0 0.000000
GEN 0 267.060000
GREEDY 0 0.000000
TIEMPO 0 265.710000
TIEMPO 0 267.060000
TIEMPO 0 267.060000
GREEDY 5 0.008407
GREEDY 5 0.001574
GEN 0 267.060000
GREEDY 0 0.000000
TIEMPO 0 267.060000
GREEDY 5 0.017671
GREEDY 10 0.012139
GEN 0 267.060000
GREEDY 0 0.000000
TIEMPO 0 267.060000
GREEDY 10 0.031397
GREEDY 5 0.023697
GREEDY 5 0.026060
GREEDY 15 0.042498
GREEDY 5 0.045946
GREEDY 5 0.037013
GREEDY 5 0.042152
GREEDY 5 0.043522
GREEDY 5 0.044156
GREEDY 5 0.046960
GREEDY 10 0.051033
GREEDY 15 0.051093
GREEDY 5 0.054302
GREEDY 10 0.064687
GREEDY 10 0.056548
GREEDY 5 0.051663
GREEDY 15 0.065026
GREEDY 10 0.058978
GREEDY 15 0.074615
GREEDY 20 0.080105
GREEDY 5 0.083282
GREEDY 10 0.069959
GREEDY 15 0.086734
GREEDY 5 0.103649
GREEDY 5 0.096918
GREEDY 5 0.098834
GREEDY 10 0.117235
GREEDY 15 0.117315
GREEDY 15 0.104118
GREEDY 20 0.113916
GREEDY 10 0.117372
GREEDY 15 0.119756
GREEDY 5 0.121544
GREEDY 15 0.134044
GREEDY 10 0.131706
GREEDY 15 0.132051
GREEDY 5 0.133045
GREEDY 10 0.136867
GREEDY 10 0.134211
GREEDY 10 0.135814
GREEDY 15 0.139788
GREEDY 10 0.143598
GREEDY 15 0.143682
GREEDY 15 0.137906
GEN 2500 219.450000
GEN 2500 214.580000
GEN 2500 214.580000
GREEDY 10 0.156196
GREEDY 5 0.168627
GEN 2500 211.930000
GEN 2500 218.540000
GREEDY 5 0.150754
GREEDY 20 0.172183
GREEDY 10 0.189195
GREEDY 10 0.181984
GREEDY 15 0.183604
GEN 2500 211.930000
GEN 2500 218.540000
GREEDY 10 0.201043
GREEDY 15 0.201099
GREEDY 5 0.208933
GREEDY 10 0.224488
GREEDY 15 0.224862
GREEDY 15 0.243977
GEN 2500 218.470000
GEN 2500 229.900000
GREEDY 10 0.240615
GEN 2500 211.930000
GREEDY 15 0.240689
GREEDY 20 0.264690
GREEDY 15 0.281519
GREEDY 20 0.281596
GREEDY 10 0.289448
GEN 2500 221.190000
GREEDY 10 0.266448
GREEDY 10 0.287345
GEN 5000 219.450000
GEN 2500 211.930000
GEN 2500 231.360000
GREEDY 15 0.283752
GEN 2500 217.410000
GEN 2500 211.930000
GEN 2500 217.040000
GEN 2500 221.190000
GEN 2500 217.040000
GEN 5000 214.580000
GEN 5000 214.580000
GEN 5000 218.540000
GREEDY 15 0.357776
GEN 5000 211.930000
GEN 5000 218.540000
GEN 2500 218.540000
GEN 2500 231.760000
GEN 5000 218.470000
GEN 2500 229.900000
GEN 2500 214.580000
GEN 2500 218.540000
GEN 5000 229.900000
GEN 2500 214.580000
GEN 7500 219.450000
GEN 5000 211.930000
GEN 5000 221.190000
GEN 5000 211.930000
GEN 7500 214.580000
GEN 7500 214.580000
GEN 7500 218.540000
GEN 5000 221.190000
GEN 7500 218.540000
GEN 5000 217.040000
GEN 5000 217.040000
GEN 5000 218.540000
GEN 10000 219.450000
TIEMPO 0.572814 219.450000
GEN 7500 218.470000
GEN 5000 231.760000
GEN 5000 213.980000
GEN 7500 211.930000
GEN 10000 214.580000
TIEMPO 0.622134 214.580000
GEN 7500 229.900000
GEN 5000 211.930000
GEN 7500 211.930000
GEN 5000 211.930000
GEN 5000 217.040000
GEN 10000 218.540000
TIEMPO 0.665404 218.540000
GEN 7500 211.930000
GEN 7500 221.190000
GEN 10000 214.580000
TIEMPO 0.693326 214.580000
GEN 10000 218.540000
TIEMPO 0.692261 218.540000
GEN 7500 218.540000
GEN 7500 221.190000
GEN 5000 229.900000
GEN 10000 218.470000
TIEMPO 0.745809 218.470000
GEN 5000 218.540000
GEN 10000 211.930000
TIEMPO 0.750972 211.930000
GEN 5000 214.580000
GEN 5000 214.580000
GEN 7500 231.760000
GEN 7500 217.040000
GEN 7500 217.040000
GEN 10000 229.900000
TIEMPO 0.804819 229.900000
GEN 10000 221.190000
TIEMPO 0.845699 221.190000
GEN 7500 213.980000
GEN 10000 218.540000
TIEMPO 0.892104 218.540000
GEN 10000 231.760000
TIEMPO 0.938196 231.760000
GEN 7500 211.930000
GEN 7500 217.040000
GEN 10000 211.930000
TIEMPO 0.951073 211.930000
GEN 7500 211.930000
GEN 10000 217.040000
TIEMPO 0.949295 217.040000
GEN 10000 211.930000
TIEMPO 0.960375 211.930000
GEN 7500 214.580000
TIEMPO 1 211.930000
GEN 10000 221.190000
TIEMPO 0.991902 221.190000
TIEMPO 1 229.900000
GEN 7500 214.580000
GEN 7500 229.900000
TIEMPO 1 217.040000
TIEMPO 1 214.580000
TIEMPO 1 211.930000
GEN 7500 214.580000
TIEMPO 1 213.980000
TIEMPO 1 217.040000
TIEMPO 1 214.580000
TIEMPO 1 214.580000
GEN 10000 217.040000
TIEMPO 1.051287 217.040000
GEN 10000 213.980000
TIEMPO 1.059759 213.980000
GEN 10000 211.930000
TIEMPO 1.094727 211.930000
GEN 10000 211.930000
TIEMPO 1.118399 211.930000
GEN 10000 217.040000
TIEMPO 1.104157 217.040000
GEN 10000 214.580000
TIEMPO 1.111453 214.580000
GEN 10000 214.580000
TIEMPO 1.122358 214.580000
GEN 10000 229.900000
TIEMPO 1.170269 229.900000
GEN 10000 214.580000
TIEMPO 1.167129 214.580000

 Current State ---------------------------------------------
Solution:  6 1 0 12 3 10 14 0 11 4 7 9 0 5 2 8 13 0 0 0 0 0 0 0 0 0 0 Fitness: 211.93

 :( ---------------------- THE END --------------- :) 
