Dimension>63
Bandera>13
Fitness Greedy Costo>477.01
Dimension>63
Solucion Greedy Costo>20 29 18 8 0 21 0 26 3 30 0 7 13 19 9 0 1 24 28 0 23 27 25 14 0 6 4 5 11 0 16 22 32 10 0 12 17 15 2 0 31 0 0 0 0 0 0 0 0 0 0 0 0 0 0 0 0 0 0 0 0 0 0 
Linea Vacia>
Bandera>13
Fitness Greedy Costo>477.01
Solucion Greedy Costo>20 29 18 8 0 21 0 26 3 30 0 7 13 19 9 0 1 24 28 0 23 27 25 14 0 6 4 5 11 0 16 22 32 10 0 12 17 15 2 0 31 0 0 0 0 0 0 0 0 0 0 0 0 0 0 0 0 0 0 0 0 0 0 
Linea Vacia>
Matriz de Costos>
0 4.14 76.94 6.87 20.98 29.67 14.56 1.25 5.73 6.76 66.19 31.59 30.75 1.63 20.13 43.56 24.43 45.54 1.63 2.04 0.28 0.33 52.82 5.52 9.32 9.21 1.15 6.95 15.31 0.95 4.11 81.23 
4.14 0 82.76 17.6 28.48 38.67 20.27 3.86 11.51 12.52 72.12 36.78 35.86 4.78 24.98 48.75 33.72 51.63 7.07 5.79 4.64 4.24 61.11 5.59 1.14 5.93 8.27 7.02 6.01 4.93 13.85 89.56 
76.94 82.76 0 87.02 45.99 37.14 62.65 72.2 65.87 63.69 4.02 35.59 31.46 72 48 34.68 81.75 27.4 74.07 72.78 82.41 77.75 61.9 71.57 75.74 75.43 80.74 70.7 72.22 72.49 82.16 88.93 
6.87 17.6 87.02 0 22.83 31.54 16.39 6.59 9.43 10.16 69.03 30.11 33.67 7.61 19.24 46.4 16.36 47.15 4.46 7.61 3.93 2.6 40.15 13.37 17.14 16.97 1.1 14.27 23.02 2.3 0.47 71.86 
20.98 28.48 45.99 22.83 0 4.49 2.79 15.94 11.63 10.5 38.82 6.54 17.87 15.66 0.97 33.45 29.14 20.96 15.09 16.84 21.29 20.94 33.31 15.18 29.4 18.84 23.22 14.6 27.19 16.3 22.29 72.34 
29.67 38.67 37.14 31.54 4.49 0 12.84 23.58 20.08 17.87 31.18 0.37 8.27 23.3 3.6 26.95 34.94 12.99 22.73 24.44 28.78 28.45 40.31 22.44 38.2 26 30.72 21.85 34.65 23.92 28.46 83.76 
14.56 20.27 62.65 16.39 2.79 12.84 0 12.38 8.12 12.23 49.24 13.37 21.9 13.49 2.92 38.26 24.84 29.22 11.23 12.98 17.9 17.54 30.54 16.86 25.61 20.48 20.42 16.28 28.71 12.73 17.73 68.92 
1.25 3.86 72.2 6.59 15.94 23.58 12.38 0 1.48 1.91 58.83 25.77 24.88 0.29 13.94 35.97 28.74 37.96 1.86 0.5 1.88 1.33 45.19 1.6 7.12 4.56 2.6 2.26 11.13 1.29 8.61 83.78 
5.73 11.51 65.87 9.43 11.63 20.08 8.12 1.48 0 1.62 59.06 20.11 25.25 1.95 8.14 36.27 27.5 38.26 1.83 2.04 6.42 6.01 43.59 4.07 14.37 7.77 8.75 5.51 18.3 1.84 10.1 82.21 
6.76 12.52 63.69 10.16 10.5 17.87 12.23 1.91 1.62 0 53.68 20.94 20.72 1.41 8.97 30.92 33.59 32.68 5.96 1.97 5.39 4.98 52.07 1.12 13.41 2.34 8.98 1.35 10.85 4.42 13.34 88.82 
66.19 72.12 4.02 69.03 38.82 31.18 49.24 58.83 59.06 53.68 0 31.8 27.71 61.9 40.81 32.08 70.9 23.56 64.01 62.7 74.39 67.75 53.64 61.45 73.52 65.43 70.76 60.59 69.97 62.39 72.22 82.62 
31.59 36.78 35.59 30.11 6.54 0.37 13.37 25.77 20.11 20.94 31.8 0 9.31 26.34 4.99 27.94 36.38 14.02 24.16 25.94 30.57 30.25 41.74 23.76 42.39 27.3 32.82 23.17 36.27 25.74 29.76 85.1 
30.75 35.86 31.46 33.67 17.87 8.27 21.9 24.88 25.25 20.72 27.71 9.31 0 22.7 14.97 12.64 43.16 10.62 24.41 23.38 33.32 27.55 63.01 22.14 36.48 25.72 29.82 21.43 34.98 22.96 31.1 95.7 
1.63 4.78 72 7.61 15.66 23.3 13.49 0.29 1.95 1.41 61.9 26.34 22.7 0 13.5 35.3 26.98 37.29 2.08 0.56 2.33 1.78 46.21 1.82 8.02 3.99 3.7 2.21 12.02 1.6 9.69 84.72 
20.13 24.98 48 19.24 0.97 3.6 2.92 13.94 8.14 8.97 40.81 4.99 14.97 13.5 0 28.49 28.82 21.89 12.76 14.51 19 18.64 36.58 12.84 27.37 16.53 20.92 12.26 24.9 13.97 19.98 74.88 
Matriz de Costos>
0 4.14 76.94 6.87 20.98 29.67 14.56 1.25 5.73 6.76 66.19 31.59 30.75 1.63 20.13 43.56 24.43 45.54 1.63 2.04 0.28 0.33 52.82 5.52 9.32 9.21 1.15 6.95 15.31 0.95 4.11 81.23 
4.14 0 82.76 17.6 28.48 38.67 20.27 3.86 11.51 12.52 72.12 36.78 35.86 4.78 24.98 48.75 33.72 51.63 7.07 5.79 4.64 4.24 61.11 5.59 1.14 5.93 8.27 7.02 6.01 4.93 13.85 89.56 
76.94 82.76 0 87.02 45.99 37.14 62.65 72.2 65.87 63.69 4.02 35.59 31.46 72 48 34.68 81.75 27.4 74.07 72.78 82.41 77.75 61.9 71.57 75.74 75.43 80.74 70.7 72.22 72.49 82.16 88.93 
6.87 17.6 87.02 0 22.83 31.54 16.39 6.59 9.43 10.16 69.03 30.11 33.67 7.61 19.24 46.4 16.36 47.15 4.46 7.61 3.93 2.6 40.15 13.37 17.14 16.97 1.1 14.27 23.02 2.3 0.47 71.86 
20.98 28.48 45.99 22.83 0 4.49 2.79 15.94 11.63 10.5 38.82 6.54 17.87 15.66 0.97 33.45 29.14 20.96 15.09 16.84 21.29 20.94 33.31 15.18 29.4 18.84 23.22 14.6 27.19 16.3 22.29 72.34 
29.67 38.67 37.14 31.54 4.49 0 12.84 23.58 20.08 17.87 31.18 0.37 8.27 23.3 3.6 26.95 34.94 12.99 22.73 24.44 28.78 28.45 40.31 22.44 38.2 26 30.72 21.85 34.65 23.92 28.46 83.76 
14.56 20.27 62.65 16.39 2.79 12.84 0 12.38 8.12 12.23 49.24 13.37 21.9 13.49 2.92 38.26 24.84 29.22 11.23 12.98 17.9 17.54 30.54 16.86 25.61 20.48 20.42 16.28 28.71 12.73 17.73 68.92 
1.25 3.86 72.2 6.59 15.94 23.58 12.38 0 1.48 1.91 58.83 25.77 24.88 0.29 13.94 35.97 28.74 37.96 1.86 0.5 1.88 1.33 45.19 1.6 7.12 4.56 2.6 2.26 11.13 1.29 8.61 83.78 
5.73 11.51 65.87 9.43 11.63 20.08 8.12 1.48 0 1.62 59.06 20.11 25.25 1.95 8.14 36.27 27.5 38.26 1.83 2.04 6.42 6.01 43.59 4.07 14.37 7.77 8.75 5.51 18.3 1.84 10.1 82.21 
6.76 12.52 63.69 10.16 10.5 17.87 12.23 1.91 1.62 0 53.68 20.94 20.72 1.41 8.97 30.92 33.59 32.68 5.96 1.97 5.39 4.98 52.07 1.12 13.41 2.34 8.98 1.35 10.85 4.42 13.34 88.82 
66.19 72.12 4.02 69.03 38.82 31.18 49.24 58.83 59.06 53.68 0 31.8 27.71 61.9 40.81 32.08 70.9 23.56 64.01 62.7 74.39 67.75 53.64 61.45 73.52 65.43 70.76 60.59 69.97 62.39 72.22 82.62 
31.59 36.78 35.59 30.11 6.54 0.37 13.37 25.77 20.11 20.94 31.8 0 9.31 26.34 4.99 27.94 36.38 14.02 24.16 25.94 30.57 30.25 41.74 23.76 42.39 27.3 32.82 23.17 36.27 25.74 29.76 85.1 
30.75 35.86 31.46 33.67 17.87 8.27 21.9 24.88 25.25 20.72 27.71 9.31 0 22.7 14.97 12.64 43.16 10.62 24.41 23.38 33.32 27.55 63.01 22.14 36.48 25.72 29.82 21.43 34.98 22.96 31.1 95.7 
1.63 4.78 72 7.61 15.66 23.3 13.49 0.29 1.95 1.41 61.9 26.34 22.7 0 13.5 35.3 26.98 37.29 2.08 0.56 2.33 1.78 46.21 1.82 8.02 3.99 3.7 2.21 12.02 1.6 9.69 84.72 
43.56 48.75 34.68 46.4 33.45 26.95 38.26 35.97 36.27 30.92 32.08 27.94 12.64 35.3 28.49 0 59.75 26.34 40.24 38.91 50.91 44.11 78.69 37.59 41.93 41.79 47.12 31.7 38.25 38.53 48.65 113.25 
Dimension>63
20.13 24.98 48 19.24 0.97 3.6 2.92 13.94 8.14 8.97 40.81 4.99 14.97 13.5 0 28.49 28.82 21.89 12.76 14.51 19 18.64 36.58 12.84 27.37 16.53 20.92 12.26 24.9 13.97 19.98 74.88 
24.43 33.72 81.75 16.36 29.14 34.94 24.84 28.74 27.5 33.59 70.9 36.38 43.16 26.98 28.82 59.75 0 52.44 19.54 23.58 20.48 20.86 34.2 29.44 32.99 32.85 14.96 30.03 45.32 18.52 11.84 54.04 
Bandera>13
Fitness Greedy Costo>477.01
43.56 48.75 34.68 46.4 33.45 26.95 38.26 35.97 36.27 30.92 32.08 27.94 12.64 35.3 28.49 0 59.75 26.34 40.24 38.91 50.91 44.11 78.69 37.59 41.93 41.79 47.12 31.7 38.25 38.53 48.65 113.25 
45.54 51.63 27.4 47.15 20.96 12.99 29.22 37.96 38.26 32.68 23.56 14.02 10.62 37.29 21.89 26.34 52.44 0 30.92 29.9 39.49 34.46 53.78 28.79 44.45 32.29 37.49 28.2 43 29.5 38.96 89.22 
Solucion Greedy Costo>20 29 18 8 0 21 0 26 3 30 0 7 13 19 9 0 1 24 28 0 23 27 25 14 0 6 4 5 11 0 16 22 32 10 0 12 17 15 2 0 31 0 0 0 0 0 0 0 0 0 0 0 0 0 0 0 0 0 0 0 0 0 0 
Linea Vacia>
24.43 33.72 81.75 16.36 29.14 34.94 24.84 28.74 27.5 33.59 70.9 36.38 43.16 26.98 28.82 59.75 0 52.44 19.54 23.58 20.48 20.86 34.2 29.44 32.99 32.85 14.96 30.03 45.32 18.52 11.84 54.04 
1.63 7.07 74.07 4.46 15.09 22.73 11.23 1.86 1.83 5.96 64.01 24.16 24.41 2.08 12.76 40.24 19.54 30.92 0 1.94 2.5 1.95 43.48 7.1 13.24 11.25 4.27 8.52 18.06 0.58 5.62 79.06 
2.04 5.79 72.78 7.61 16.84 24.44 12.98 0.5 2.04 1.97 62.7 25.94 23.38 0.56 14.51 38.91 23.58 29.9 1.94 0 2.8 2.31 44.64 2.35 9.9 5.9 5.61 3.62 13.87 1.36 8.29 83.23 
45.54 51.63 27.4 47.15 20.96 12.99 29.22 37.96 38.26 32.68 23.56 14.02 10.62 37.29 21.89 26.34 52.44 0 30.92 29.9 39.49 34.46 53.78 28.79 44.45 32.29 37.49 28.2 43 29.5 38.96 89.22 
1.63 7.07 74.07 4.46 15.09 22.73 11.23 1.86 1.83 5.96 64.01 24.16 24.41 2.08 12.76 40.24 19.54 30.92 0 1.94 2.5 1.95 43.48 7.1 13.24 11.25 4.27 8.52 18.06 0.58 5.62 79.06 
0.28 4.64 82.41 3.93 21.29 28.78 17.9 1.88 6.42 5.39 74.39 30.57 33.32 2.33 19 50.91 20.48 39.49 2.5 2.8 0 1.15 51.47 4.32 8.13 8.02 1.89 5.75 14.14 0.66 6.04 79.94 
0.33 4.24 77.75 2.6 20.94 28.45 17.54 1.33 6.01 4.98 67.75 30.25 27.55 1.78 18.64 44.11 20.86 34.46 1.95 2.31 1.15 0 52.97 5.64 9.45 9.33 1.44 7.07 15.43 0.96 3.99 81.38 
2.04 5.79 72.78 7.61 16.84 24.44 12.98 0.5 2.04 1.97 62.7 25.94 23.38 0.56 14.51 38.91 23.58 29.9 1.94 0 2.8 2.31 44.64 2.35 9.9 5.9 5.61 3.62 13.87 1.36 8.29 83.23 
0.28 4.64 82.41 3.93 21.29 28.78 17.9 1.88 6.42 5.39 74.39 30.57 33.32 2.33 19 50.91 20.48 39.49 2.5 2.8 0 1.15 51.47 4.32 8.13 8.02 1.89 5.75 14.14 0.66 6.04 79.94 
52.82 61.11 61.9 40.15 33.31 40.31 30.54 45.19 43.59 52.07 53.64 41.74 63.01 46.21 36.58 78.69 34.2 53.78 43.48 44.64 51.47 52.97 0 53.4 58.91 63.42 42.9 54.97 71.38 47.43 39.18 26 
5.52 5.59 71.57 13.37 15.18 22.44 16.86 1.6 4.07 1.12 61.45 23.76 22.14 1.82 12.84 37.59 29.44 28.79 7.1 2.35 4.32 5.64 53.4 0 8.8 1.82 9.71 0.37 6.64 5.61 15.22 90.87 
0.33 4.24 77.75 2.6 20.94 28.45 17.54 1.33 6.01 4.98 67.75 30.25 27.55 1.78 18.64 44.11 20.86 34.46 1.95 2.31 1.15 0 52.97 5.64 9.45 9.33 1.44 7.07 15.43 0.96 3.99 81.38 
9.32 1.14 75.74 17.14 29.4 38.2 25.61 7.12 14.37 13.41 73.52 42.39 36.48 8.02 27.37 41.93 32.99 44.45 13.24 9.9 8.13 9.45 58.91 8.8 0 8.95 11.84 10.03 2.42 8.52 17.38 93.65 
52.82 61.11 61.9 40.15 33.31 40.31 30.54 45.19 43.59 52.07 53.64 41.74 63.01 46.21 36.58 78.69 34.2 53.78 43.48 44.64 51.47 52.97 0 53.4 58.91 63.42 42.9 54.97 71.38 47.43 39.18 26 
Dimension>63
5.52 5.59 71.57 13.37 15.18 22.44 16.86 1.6 4.07 1.12 61.45 23.76 22.14 1.82 12.84 37.59 29.44 28.79 7.1 2.35 4.32 5.64 53.4 0 8.8 1.82 9.71 0.37 6.64 5.61 15.22 90.87 
Dimension>63
9.21 5.93 75.43 16.97 18.84 26 20.48 4.56 7.77 2.34 65.43 27.3 25.72 3.99 16.53 41.79 32.85 32.29 11.25 5.9 8.02 9.33 63.42 1.82 8.95 0 11.06 0.61 8 6.98 16.34 92.39 
Bandera>13
Fitness Greedy Costo>477.01
1.15 8.27 80.74 1.1 23.22 30.72 20.42 2.6 8.75 8.98 70.76 32.82 29.82 3.7 20.92 47.12 14.96 37.49 4.27 5.61 1.89 1.44 42.9 9.71 11.84 11.06 0 11.42 22.25 1.55 1.44 76.07 
9.32 1.14 75.74 17.14 29.4 38.2 25.61 7.12 14.37 13.41 73.52 42.39 36.48 8.02 27.37 41.93 32.99 44.45 13.24 9.9 8.13 9.45 58.91 8.8 0 8.95 11.84 10.03 2.42 8.52 17.38 93.65 
Bandera>13
Fitness Greedy Costo>477.01
Solucion Greedy Costo>20 29 18 8 0 21 0 26 3 30 0 7 13 19 9 0 1 24 28 0 23 27 25 14 0 6 4 5 11 0 16 22 32 10 0 12 17 15 2 0 31 0 0 0 0 0 0 0 0 0 0 0 0 0 0 0 0 0 0 0 0 0 0 
Linea Vacia>
6.95 7.02 70.7 14.27 14.6 21.85 16.28 2.26 5.51 1.35 60.59 23.17 21.43 2.21 12.26 31.7 30.03 28.2 8.52 3.62 5.75 7.07 54.97 0.37 10.03 0.61 11.42 0 7.64 7.04 16.52 92.32 
9.21 5.93 75.43 16.97 18.84 26 20.48 4.56 7.77 2.34 65.43 27.3 25.72 3.99 16.53 41.79 32.85 32.29 11.25 5.9 8.02 9.33 63.42 1.82 8.95 0 11.06 0.61 8 6.98 16.34 92.39 
Solucion Greedy Costo>20 29 18 8 0 21 0 26 3 30 0 7 13 19 9 0 1 24 28 0 23 27 25 14 0 6 4 5 11 0 16 22 32 10 0 12 17 15 2 0 31 0 0 0 0 0 0 0 0 0 0 0 0 0 0 0 0 0 0 0 0 0 0 
Linea Vacia>
15.31 6.01 72.22 23.02 27.19 34.65 28.71 11.13 18.3 10.85 69.97 36.27 34.98 12.02 24.9 38.25 45.32 43 18.06 13.87 14.14 15.43 71.38 6.64 2.42 8 22.25 7.64 0 15.98 25.02 102 
1.15 8.27 80.74 1.1 23.22 30.72 20.42 2.6 8.75 8.98 70.76 32.82 29.82 3.7 20.92 47.12 14.96 37.49 4.27 5.61 1.89 1.44 42.9 9.71 11.84 11.06 0 11.42 22.25 1.55 1.44 76.07 
0.95 4.93 72.49 2.3 16.3 23.92 12.73 1.29 1.84 4.42 62.39 25.74 22.96 1.6 13.97 38.53 18.52 29.5 0.58 1.36 0.66 0.96 47.43 5.61 8.52 6.98 1.55 7.04 15.98 0 4.47 77.57 
6.95 7.02 70.7 14.27 14.6 21.85 16.28 2.26 5.51 1.35 60.59 23.17 21.43 2.21 12.26 31.7 30.03 28.2 8.52 3.62 5.75 7.07 54.97 0.37 10.03 0.61 11.42 0 7.64 7.04 16.52 92.32 
4.11 13.85 82.16 0.47 22.29 28.46 17.73 8.61 10.1 13.34 72.22 29.76 31.1 9.69 19.98 48.65 11.84 38.96 5.62 8.29 6.04 3.99 39.18 15.22 17.38 16.34 1.44 16.52 25.02 4.47 0 72.04 
15.31 6.01 72.22 23.02 27.19 34.65 28.71 11.13 18.3 10.85 69.97 36.27 34.98 12.02 24.9 38.25 45.32 43 18.06 13.87 14.14 15.43 71.38 6.64 2.42 8 22.25 7.64 0 15.98 25.02 102 
0.95 4.93 72.49 2.3 16.3 23.92 12.73 1.29 1.84 4.42 62.39 25.74 22.96 1.6 13.97 38.53 18.52 29.5 0.58 1.36 0.66 0.96 47.43 5.61 8.52 6.98 1.55 7.04 15.98 0 4.47 77.57 
81.23 89.56 88.93 71.86 72.34 83.76 68.92 83.78 82.21 88.82 82.62 85.1 95.7 84.72 74.88 113.25 54.04 89.22 79.06 83.23 79.94 81.38 26 90.87 93.65 92.39 76.07 92.32 102 77.57 72.04 0 
4.11 13.85 82.16 0.47 22.29 28.46 17.73 8.61 10.1 13.34 72.22 29.76 31.1 9.69 19.98 48.65 11.84 38.96 5.62 8.29 6.04 3.99 39.18 15.22 17.38 16.34 1.44 16.52 25.02 4.47 0 72.04 
Matriz de Costos>
81.23 89.56 88.93 71.86 72.34 83.76 68.92 83.78 82.21 88.82 82.62 85.1 95.7 84.72 74.88 113.25 54.04 89.22 79.06 83.23 79.94 81.38 26 90.87 93.65 92.39 76.07 92.32 102 77.57 72.04 0 
Matriz de Costos>
0 4.14 76.94 6.87 20.98 29.67 14.56 1.25 5.73 6.76 66.19 31.59 30.75 1.63 20.13 43.56 24.43 45.54 1.63 2.04 0.28 0.33 52.82 5.52 9.32 9.21 1.15 6.95 15.31 0.95 4.11 81.23 
4.14 0 82.76 17.6 28.48 38.67 20.27 3.86 11.51 12.52 72.12 36.78 35.86 4.78 24.98 48.75 33.72 51.63 7.07 5.79 4.64 4.24 61.11 5.59 1.14 5.93 8.27 7.02 6.01 4.93 13.85 89.56 
76.94 82.76 0 87.02 45.99 37.14 62.65 72.2 65.87 63.69 4.02 35.59 31.46 72 48 34.68 81.75 27.4 74.07 72.78 82.41 77.75 61.9 71.57 75.74 75.43 80.74 70.7 72.22 72.49 82.16 88.93 
6.87 17.6 87.02 0 22.83 31.54 16.39 6.59 9.43 10.16 69.03 30.11 33.67 7.61 19.24 46.4 16.36 47.15 4.46 7.61 3.93 2.6 40.15 13.37 17.14 16.97 1.1 14.27 23.02 2.3 0.47 71.86 
20.98 28.48 45.99 22.83 0 4.49 2.79 15.94 11.63 10.5 38.82 6.54 17.87 15.66 0.97 33.45 29.14 20.96 15.09 16.84 21.29 20.94 33.31 15.18 29.4 18.84 23.22 14.6 27.19 16.3 22.29 72.34 
29.67 38.67 37.14 31.54 4.49 0 12.84 23.58 20.08 17.87 31.18 0.37 8.27 23.3 3.6 26.95 34.94 12.99 22.73 24.44 28.78 28.45 40.31 22.44 38.2 26 30.72 21.85 34.65 23.92 28.46 83.76 
14.56 20.27 62.65 16.39 2.79 12.84 0 12.38 8.12 12.23 49.24 13.37 21.9 13.49 2.92 38.26 24.84 29.22 11.23 12.98 17.9 17.54 30.54 16.86 25.61 20.48 20.42 16.28 28.71 12.73 17.73 68.92 
1.25 3.86 72.2 6.59 15.94 23.58 12.38 0 1.48 1.91 58.83 25.77 24.88 0.29 13.94 35.97 28.74 37.96 1.86 0.5 1.88 1.33 45.19 1.6 7.12 4.56 2.6 2.26 11.13 1.29 8.61 83.78 
5.73 11.51 65.87 9.43 11.63 20.08 8.12 1.48 0 1.62 59.06 20.11 25.25 1.95 8.14 36.27 27.5 38.26 1.83 2.04 6.42 6.01 43.59 4.07 14.37 7.77 8.75 5.51 18.3 1.84 10.1 82.21 
6.76 12.52 63.69 10.16 10.5 17.87 12.23 1.91 1.62 0 53.68 20.94 20.72 1.41 8.97 30.92 33.59 32.68 5.96 1.97 5.39 4.98 52.07 1.12 13.41 2.34 8.98 1.35 10.85 4.42 13.34 88.82 
Matriz de Costos>
0 4.14 76.94 6.87 20.98 29.67 14.56 1.25 5.73 6.76 66.19 31.59 30.75 1.63 20.13 43.56 24.43 45.54 1.63 2.04 0.28 0.33 52.82 5.52 9.32 9.21 1.15 6.95 15.31 0.95 4.11 81.23 
66.19 72.12 4.02 69.03 38.82 31.18 49.24 58.83 59.06 53.68 0 31.8 27.71 61.9 40.81 32.08 70.9 23.56 64.01 62.7 74.39 67.75 53.64 61.45 73.52 65.43 70.76 60.59 69.97 62.39 72.22 82.62 
31.59 36.78 35.59 30.11 6.54 0.37 13.37 25.77 20.11 20.94 31.8 0 9.31 26.34 4.99 27.94 36.38 14.02 24.16 25.94 30.57 30.25 41.74 23.76 42.39 27.3 32.82 23.17 36.27 25.74 29.76 85.1 
4.14 0 82.76 17.6 28.48 38.67 20.27 3.86 11.51 12.52 72.12 36.78 35.86 4.78 24.98 48.75 33.72 51.63 7.07 5.79 4.64 4.24 61.11 5.59 1.14 5.93 8.27 7.02 6.01 4.93 13.85 89.56 
30.75 35.86 31.46 33.67 17.87 8.27 21.9 24.88 25.25 20.72 27.71 9.31 0 22.7 14.97 12.64 43.16 10.62 24.41 23.38 33.32 27.55 63.01 22.14 36.48 25.72 29.82 21.43 34.98 22.96 31.1 95.7 
76.94 82.76 0 87.02 45.99 37.14 62.65 72.2 65.87 63.69 4.02 35.59 31.46 72 48 34.68 81.75 27.4 74.07 72.78 82.41 77.75 61.9 71.57 75.74 75.43 80.74 70.7 72.22 72.49 82.16 88.93 
1.63 4.78 72 7.61 15.66 23.3 13.49 0.29 1.95 1.41 61.9 26.34 22.7 0 13.5 35.3 26.98 37.29 2.08 0.56 2.33 1.78 46.21 1.82 8.02 3.99 3.7 2.21 12.02 1.6 9.69 84.72 
20.13 24.98 48 19.24 0.97 3.6 2.92 13.94 8.14 8.97 40.81 4.99 14.97 13.5 0 28.49 28.82 21.89 12.76 14.51 19 18.64 36.58 12.84 27.37 16.53 20.92 12.26 24.9 13.97 19.98 74.88 
0 4.14 76.94 6.87 20.98 29.67 14.56 1.25 5.73 6.76 66.19 31.59 30.75 1.63 20.13 43.56 24.43 45.54 1.63 2.04 0.28 0.33 52.82 5.52 9.32 9.21 1.15 6.95 15.31 0.95 4.11 81.23 
6.87 17.6 87.02 0 22.83 31.54 16.39 6.59 9.43 10.16 69.03 30.11 33.67 7.61 19.24 46.4 16.36 47.15 4.46 7.61 3.93 2.6 40.15 13.37 17.14 16.97 1.1 14.27 23.02 2.3 0.47 71.86 
20.98 28.48 45.99 22.83 0 4.49 2.79 15.94 11.63 10.5 38.82 6.54 17.87 15.66 0.97 33.45 29.14 20.96 15.09 16.84 21.29 20.94 33.31 15.18 29.4 18.84 23.22 14.6 27.19 16.3 22.29 72.34 
43.56 48.75 34.68 46.4 33.45 26.95 38.26 35.97 36.27 30.92 32.08 27.94 12.64 35.3 28.49 0 59.75 26.34 40.24 38.91 50.91 44.11 78.69 37.59 41.93 41.79 47.12 31.7 38.25 38.53 48.65 113.25 
24.43 33.72 81.75 16.36 29.14 34.94 24.84 28.74 27.5 33.59 70.9 36.38 43.16 26.98 28.82 59.75 0 52.44 19.54 23.58 20.48 20.86 34.2 29.44 32.99 32.85 14.96 30.03 45.32 18.52 11.84 54.04 
29.67 38.67 37.14 31.54 4.49 0 12.84 23.58 20.08 17.87 31.18 0.37 8.27 23.3 3.6 26.95 34.94 12.99 22.73 24.44 28.78 28.45 40.31 22.44 38.2 26 30.72 21.85 34.65 23.92 28.46 83.76 
45.54 51.63 27.4 47.15 20.96 12.99 29.22 37.96 38.26 32.68 23.56 14.02 10.62 37.29 21.89 26.34 52.44 0 30.92 29.9 39.49 34.46 53.78 28.79 44.45 32.29 37.49 28.2 43 29.5 38.96 89.22 
1.63 7.07 74.07 4.46 15.09 22.73 11.23 1.86 1.83 5.96 64.01 24.16 24.41 2.08 12.76 40.24 19.54 30.92 0 1.94 2.5 1.95 43.48 7.1 13.24 11.25 4.27 8.52 18.06 0.58 5.62 79.06 
14.56 20.27 62.65 16.39 2.79 12.84 0 12.38 8.12 12.23 49.24 13.37 21.9 13.49 2.92 38.26 24.84 29.22 11.23 12.98 17.9 17.54 30.54 16.86 25.61 20.48 20.42 16.28 28.71 12.73 17.73 68.92 
1.25 3.86 72.2 6.59 15.94 23.58 12.38 0 1.48 1.91 58.83 25.77 24.88 0.29 13.94 35.97 28.74 37.96 1.86 0.5 1.88 1.33 45.19 1.6 7.12 4.56 2.6 2.26 11.13 1.29 8.61 83.78 
2.04 5.79 72.78 7.61 16.84 24.44 12.98 0.5 2.04 1.97 62.7 25.94 23.38 0.56 14.51 38.91 23.58 29.9 1.94 0 2.8 2.31 44.64 2.35 9.9 5.9 5.61 3.62 13.87 1.36 8.29 83.23 
0.28 4.64 82.41 3.93 21.29 28.78 17.9 1.88 6.42 5.39 74.39 30.57 33.32 2.33 19 50.91 20.48 39.49 2.5 2.8 0 1.15 51.47 4.32 8.13 8.02 1.89 5.75 14.14 0.66 6.04 79.94 
5.73 11.51 65.87 9.43 11.63 20.08 8.12 1.48 0 1.62 59.06 20.11 25.25 1.95 8.14 36.27 27.5 38.26 1.83 2.04 6.42 6.01 43.59 4.07 14.37 7.77 8.75 5.51 18.3 1.84 10.1 82.21 
0.33 4.24 77.75 2.6 20.94 28.45 17.54 1.33 6.01 4.98 67.75 30.25 27.55 1.78 18.64 44.11 20.86 34.46 1.95 2.31 1.15 0 52.97 5.64 9.45 9.33 1.44 7.07 15.43 0.96 3.99 81.38 
6.76 12.52 63.69 10.16 10.5 17.87 12.23 1.91 1.62 0 53.68 20.94 20.72 1.41 8.97 30.92 33.59 32.68 5.96 1.97 5.39 4.98 52.07 1.12 13.41 2.34 8.98 1.35 10.85 4.42 13.34 88.82 
52.82 61.11 61.9 40.15 33.31 40.31 30.54 45.19 43.59 52.07 53.64 41.74 63.01 46.21 36.58 78.69 34.2 53.78 43.48 44.64 51.47 52.97 0 53.4 58.91 63.42 42.9 54.97 71.38 47.43 39.18 26 
5.52 5.59 71.57 13.37 15.18 22.44 16.86 1.6 4.07 1.12 61.45 23.76 22.14 1.82 12.84 37.59 29.44 28.79 7.1 2.35 4.32 5.64 53.4 0 8.8 1.82 9.71 0.37 6.64 5.61 15.22 90.87 
66.19 72.12 4.02 69.03 38.82 31.18 49.24 58.83 59.06 53.68 0 31.8 27.71 61.9 40.81 32.08 70.9 23.56 64.01 62.7 74.39 67.75 53.64 61.45 73.52 65.43 70.76 60.59 69.97 62.39 72.22 82.62 
9.32 1.14 75.74 17.14 29.4 38.2 25.61 7.12 14.37 13.41 73.52 42.39 36.48 8.02 27.37 41.93 32.99 44.45 13.24 9.9 8.13 9.45 58.91 8.8 0 8.95 11.84 10.03 2.42 8.52 17.38 93.65 
9.21 5.93 75.43 16.97 18.84 26 20.48 4.56 7.77 2.34 65.43 27.3 25.72 3.99 16.53 41.79 32.85 32.29 11.25 5.9 8.02 9.33 63.42 1.82 8.95 0 11.06 0.61 8 6.98 16.34 92.39 
31.59 36.78 35.59 30.11 6.54 0.37 13.37 25.77 20.11 20.94 31.8 0 9.31 26.34 4.99 27.94 36.38 14.02 24.16 25.94 30.57 30.25 41.74 23.76 42.39 27.3 32.82 23.17 36.27 25.74 29.76 85.1 
4.14 0 82.76 17.6 28.48 38.67 20.27 3.86 11.51 12.52 72.12 36.78 35.86 4.78 24.98 48.75 33.72 51.63 7.07 5.79 4.64 4.24 61.11 5.59 1.14 5.93 8.27 7.02 6.01 4.93 13.85 89.56 
1.15 8.27 80.74 1.1 23.22 30.72 20.42 2.6 8.75 8.98 70.76 32.82 29.82 3.7 20.92 47.12 14.96 37.49 4.27 5.61 1.89 1.44 42.9 9.71 11.84 11.06 0 11.42 22.25 1.55 1.44 76.07 
30.75 35.86 31.46 33.67 17.87 8.27 21.9 24.88 25.25 20.72 27.71 9.31 0 22.7 14.97 12.64 43.16 10.62 24.41 23.38 33.32 27.55 63.01 22.14 36.48 25.72 29.82 21.43 34.98 22.96 31.1 95.7 
6.95 7.02 70.7 14.27 14.6 21.85 16.28 2.26 5.51 1.35 60.59 23.17 21.43 2.21 12.26 31.7 30.03 28.2 8.52 3.62 5.75 7.07 54.97 0.37 10.03 0.61 11.42 0 7.64 7.04 16.52 92.32 
1.63 4.78 72 7.61 15.66 23.3 13.49 0.29 1.95 1.41 61.9 26.34 22.7 0 13.5 35.3 26.98 37.29 2.08 0.56 2.33 1.78 46.21 1.82 8.02 3.99 3.7 2.21 12.02 1.6 9.69 84.72 
76.94 82.76 0 87.02 45.99 37.14 62.65 72.2 65.87 63.69 4.02 35.59 31.46 72 48 34.68 81.75 27.4 74.07 72.78 82.41 77.75 61.9 71.57 75.74 75.43 80.74 70.7 72.22 72.49 82.16 88.93 
15.31 6.01 72.22 23.02 27.19 34.65 28.71 11.13 18.3 10.85 69.97 36.27 34.98 12.02 24.9 38.25 45.32 43 18.06 13.87 14.14 15.43 71.38 6.64 2.42 8 22.25 7.64 0 15.98 25.02 102 
0.95 4.93 72.49 2.3 16.3 23.92 12.73 1.29 1.84 4.42 62.39 25.74 22.96 1.6 13.97 38.53 18.52 29.5 0.58 1.36 0.66 0.96 47.43 5.61 8.52 6.98 1.55 7.04 15.98 0 4.47 77.57 
20.13 24.98 48 19.24 0.97 3.6 2.92 13.94 8.14 8.97 40.81 4.99 14.97 13.5 0 28.49 28.82 21.89 12.76 14.51 19 18.64 36.58 12.84 27.37 16.53 20.92 12.26 24.9 13.97 19.98 74.88 
4.11 13.85 82.16 0.47 22.29 28.46 17.73 8.61 10.1 13.34 72.22 29.76 31.1 9.69 19.98 48.65 11.84 38.96 5.62 8.29 6.04 3.99 39.18 15.22 17.38 16.34 1.44 16.52 25.02 4.47 0 72.04 
43.56 48.75 34.68 46.4 33.45 26.95 38.26 35.97 36.27 30.92 32.08 27.94 12.64 35.3 28.49 0 59.75 26.34 40.24 38.91 50.91 44.11 78.69 37.59 41.93 41.79 47.12 31.7 38.25 38.53 48.65 113.25 
6.87 17.6 87.02 0 22.83 31.54 16.39 6.59 9.43 10.16 69.03 30.11 33.67 7.61 19.24 46.4 16.36 47.15 4.46 7.61 3.93 2.6 40.15 13.37 17.14 16.97 1.1 14.27 23.02 2.3 0.47 71.86 
81.23 89.56 88.93 71.86 72.34 83.76 68.92 83.78 82.21 88.82 82.62 85.1 95.7 84.72 74.88 113.25 54.04 89.22 79.06 83.23 79.94 81.38 26 90.87 93.65 92.39 76.07 92.32 102 77.57 72.04 0 
24.43 33.72 81.75 16.36 29.14 34.94 24.84 28.74 27.5 33.59 70.9 36.38 43.16 26.98 28.82 59.75 0 52.44 19.54 23.58 20.48 20.86 34.2 29.44 32.99 32.85 14.96 30.03 45.32 18.52 11.84 54.04 
45.54 51.63 27.4 47.15 20.96 12.99 29.22 37.96 38.26 32.68 23.56 14.02 10.62 37.29 21.89 26.34 52.44 0 30.92 29.9 39.49 34.46 53.78 28.79 44.45 32.29 37.49 28.2 43 29.5 38.96 89.22 
20.98 28.48 45.99 22.83 0 4.49 2.79 15.94 11.63 10.5 38.82 6.54 17.87 15.66 0.97 33.45 29.14 20.96 15.09 16.84 21.29 20.94 33.31 15.18 29.4 18.84 23.22 14.6 27.19 16.3 22.29 72.34 
1.63 7.07 74.07 4.46 15.09 22.73 11.23 1.86 1.83 5.96 64.01 24.16 24.41 2.08 12.76 40.24 19.54 30.92 0 1.94 2.5 1.95 43.48 7.1 13.24 11.25 4.27 8.52 18.06 0.58 5.62 79.06 
2.04 5.79 72.78 7.61 16.84 24.44 12.98 0.5 2.04 1.97 62.7 25.94 23.38 0.56 14.51 38.91 23.58 29.9 1.94 0 2.8 2.31 44.64 2.35 9.9 5.9 5.61 3.62 13.87 1.36 8.29 83.23 
29.67 38.67 37.14 31.54 4.49 0 12.84 23.58 20.08 17.87 31.18 0.37 8.27 23.3 3.6 26.95 34.94 12.99 22.73 24.44 28.78 28.45 40.31 22.44 38.2 26 30.72 21.85 34.65 23.92 28.46 83.76 
0.28 4.64 82.41 3.93 21.29 28.78 17.9 1.88 6.42 5.39 74.39 30.57 33.32 2.33 19 50.91 20.48 39.49 2.5 2.8 0 1.15 51.47 4.32 8.13 8.02 1.89 5.75 14.14 0.66 6.04 79.94 
0.33 4.24 77.75 2.6 20.94 28.45 17.54 1.33 6.01 4.98 67.75 30.25 27.55 1.78 18.64 44.11 20.86 34.46 1.95 2.31 1.15 0 52.97 5.64 9.45 9.33 1.44 7.07 15.43 0.96 3.99 81.38 
14.56 20.27 62.65 16.39 2.79 12.84 0 12.38 8.12 12.23 49.24 13.37 21.9 13.49 2.92 38.26 24.84 29.22 11.23 12.98 17.9 17.54 30.54 16.86 25.61 20.48 20.42 16.28 28.71 12.73 17.73 68.92 
52.82 61.11 61.9 40.15 33.31 40.31 30.54 45.19 43.59 52.07 53.64 41.74 63.01 46.21 36.58 78.69 34.2 53.78 43.48 44.64 51.47 52.97 0 53.4 58.91 63.42 42.9 54.97 71.38 47.43 39.18 26 
1.25 3.86 72.2 6.59 15.94 23.58 12.38 0 1.48 1.91 58.83 25.77 24.88 0.29 13.94 35.97 28.74 37.96 1.86 0.5 1.88 1.33 45.19 1.6 7.12 4.56 2.6 2.26 11.13 1.29 8.61 83.78 
5.52 5.59 71.57 13.37 15.18 22.44 16.86 1.6 4.07 1.12 61.45 23.76 22.14 1.82 12.84 37.59 29.44 28.79 7.1 2.35 4.32 5.64 53.4 0 8.8 1.82 9.71 0.37 6.64 5.61 15.22 90.87 
9.32 1.14 75.74 17.14 29.4 38.2 25.61 7.12 14.37 13.41 73.52 42.39 36.48 8.02 27.37 41.93 32.99 44.45 13.24 9.9 8.13 9.45 58.91 8.8 0 8.95 11.84 10.03 2.42 8.52 17.38 93.65 
5.73 11.51 65.87 9.43 11.63 20.08 8.12 1.48 0 1.62 59.06 20.11 25.25 1.95 8.14 36.27 27.5 38.26 1.83 2.04 6.42 6.01 43.59 4.07 14.37 7.77 8.75 5.51 18.3 1.84 10.1 82.21 
9.21 5.93 75.43 16.97 18.84 26 20.48 4.56 7.77 2.34 65.43 27.3 25.72 3.99 16.53 41.79 32.85 32.29 11.25 5.9 8.02 9.33 63.42 1.82 8.95 0 11.06 0.61 8 6.98 16.34 92.39 
1.15 8.27 80.74 1.1 23.22 30.72 20.42 2.6 8.75 8.98 70.76 32.82 29.82 3.7 20.92 47.12 14.96 37.49 4.27 5.61 1.89 1.44 42.9 9.71 11.84 11.06 0 11.42 22.25 1.55 1.44 76.07 
6.76 12.52 63.69 10.16 10.5 17.87 12.23 1.91 1.62 0 53.68 20.94 20.72 1.41 8.97 30.92 33.59 32.68 5.96 1.97 5.39 4.98 52.07 1.12 13.41 2.34 8.98 1.35 10.85 4.42 13.34 88.82 
6.95 7.02 70.7 14.27 14.6 21.85 16.28 2.26 5.51 1.35 60.59 23.17 21.43 2.21 12.26 31.7 30.03 28.2 8.52 3.62 5.75 7.07 54.97 0.37 10.03 0.61 11.42 0 7.64 7.04 16.52 92.32 
66.19 72.12 4.02 69.03 38.82 31.18 49.24 58.83 59.06 53.68 0 31.8 27.71 61.9 40.81 32.08 70.9 23.56 64.01 62.7 74.39 67.75 53.64 61.45 73.52 65.43 70.76 60.59 69.97 62.39 72.22 82.62 
15.31 6.01 72.22 23.02 27.19 34.65 28.71 11.13 18.3 10.85 69.97 36.27 34.98 12.02 24.9 38.25 45.32 43 18.06 13.87 14.14 15.43 71.38 6.64 2.42 8 22.25 7.64 0 15.98 25.02 102 
0.95 4.93 72.49 2.3 16.3 23.92 12.73 1.29 1.84 4.42 62.39 25.74 22.96 1.6 13.97 38.53 18.52 29.5 0.58 1.36 0.66 0.96 47.43 5.61 8.52 6.98 1.55 7.04 15.98 0 4.47 77.57 
31.59 36.78 35.59 30.11 6.54 0.37 13.37 25.77 20.11 20.94 31.8 0 9.31 26.34 4.99 27.94 36.38 14.02 24.16 25.94 30.57 30.25 41.74 23.76 42.39 27.3 32.82 23.17 36.27 25.74 29.76 85.1 
4.11 13.85 82.16 0.47 22.29 28.46 17.73 8.61 10.1 13.34 72.22 29.76 31.1 9.69 19.98 48.65 11.84 38.96 5.62 8.29 6.04 3.99 39.18 15.22 17.38 16.34 1.44 16.52 25.02 4.47 0 72.04 
81.23 89.56 88.93 71.86 72.34 83.76 68.92 83.78 82.21 88.82 82.62 85.1 95.7 84.72 74.88 113.25 54.04 89.22 79.06 83.23 79.94 81.38 26 90.87 93.65 92.39 76.07 92.32 102 77.57 72.04 0 
30.75 35.86 31.46 33.67 17.87 8.27 21.9 24.88 25.25 20.72 27.71 9.31 0 22.7 14.97 12.64 43.16 10.62 24.41 23.38 33.32 27.55 63.01 22.14 36.48 25.72 29.82 21.43 34.98 22.96 31.1 95.7 
1.63 4.78 72 7.61 15.66 23.3 13.49 0.29 1.95 1.41 61.9 26.34 22.7 0 13.5 35.3 26.98 37.29 2.08 0.56 2.33 1.78 46.21 1.82 8.02 3.99 3.7 2.21 12.02 1.6 9.69 84.72 
20.13 24.98 48 19.24 0.97 3.6 2.92 13.94 8.14 8.97 40.81 4.99 14.97 13.5 0 28.49 28.82 21.89 12.76 14.51 19 18.64 36.58 12.84 27.37 16.53 20.92 12.26 24.9 13.97 19.98 74.88 
43.56 48.75 34.68 46.4 33.45 26.95 38.26 35.97 36.27 30.92 32.08 27.94 12.64 35.3 28.49 0 59.75 26.34 40.24 38.91 50.91 44.11 78.69 37.59 41.93 41.79 47.12 31.7 38.25 38.53 48.65 113.25 
24.43 33.72 81.75 16.36 29.14 34.94 24.84 28.74 27.5 33.59 70.9 36.38 43.16 26.98 28.82 59.75 0 52.44 19.54 23.58 20.48 20.86 34.2 29.44 32.99 32.85 14.96 30.03 45.32 18.52 11.84 54.04 
45.54 51.63 27.4 47.15 20.96 12.99 29.22 37.96 38.26 32.68 23.56 14.02 10.62 37.29 21.89 26.34 52.44 0 30.92 29.9 39.49 34.46 53.78 28.79 44.45 32.29 37.49 28.2 43 29.5 38.96 89.22 
Dimension>63
Bandera>13
Fitness Greedy Costo>477.01
1.63 7.07 74.07 4.46 15.09 22.73 11.23 1.86 1.83 5.96 64.01 24.16 24.41 2.08 12.76 40.24 19.54 30.92 0 1.94 2.5 1.95 43.48 7.1 13.24 11.25 4.27 8.52 18.06 0.58 5.62 79.06 
Solucion Greedy Costo>20 29 18 8 0 21 0 26 3 30 0 7 13 19 9 0 1 24 28 0 23 27 25 14 0 6 4 5 11 0 16 22 32 10 0 12 17 15 2 0 31 0 0 0 0 0 0 0 0 0 0 0 0 0 0 0 0 0 0 0 0 0 0 
Linea Vacia>
2.04 5.79 72.78 7.61 16.84 24.44 12.98 0.5 2.04 1.97 62.7 25.94 23.38 0.56 14.51 38.91 23.58 29.9 1.94 0 2.8 2.31 44.64 2.35 9.9 5.9 5.61 3.62 13.87 1.36 8.29 83.23 
0.28 4.64 82.41 3.93 21.29 28.78 17.9 1.88 6.42 5.39 74.39 30.57 33.32 2.33 19 50.91 20.48 39.49 2.5 2.8 0 1.15 51.47 4.32 8.13 8.02 1.89 5.75 14.14 0.66 6.04 79.94 
0.33 4.24 77.75 2.6 20.94 28.45 17.54 1.33 6.01 4.98 67.75 30.25 27.55 1.78 18.64 44.11 20.86 34.46 1.95 2.31 1.15 0 52.97 5.64 9.45 9.33 1.44 7.07 15.43 0.96 3.99 81.38 
Matriz de Costos>
0 4.14 76.94 6.87 20.98 29.67 14.56 1.25 5.73 6.76 66.19 31.59 30.75 1.63 20.13 43.56 24.43 45.54 1.63 2.04 0.28 0.33 52.82 5.52 9.32 9.21 1.15 6.95 15.31 0.95 4.11 81.23 
4.14 0 82.76 17.6 28.48 38.67 20.27 3.86 11.51 12.52 72.12 36.78 35.86 4.78 24.98 48.75 33.72 51.63 7.07 5.79 4.64 4.24 61.11 5.59 1.14 5.93 8.27 7.02 6.01 4.93 13.85 89.56 
76.94 82.76 0 87.02 45.99 37.14 62.65 72.2 65.87 63.69 4.02 35.59 31.46 72 48 34.68 81.75 27.4 74.07 72.78 82.41 77.75 61.9 71.57 75.74 75.43 80.74 70.7 72.22 72.49 82.16 88.93 
6.87 17.6 87.02 0 22.83 31.54 16.39 6.59 9.43 10.16 69.03 30.11 33.67 7.61 19.24 46.4 16.36 47.15 4.46 7.61 3.93 2.6 40.15 13.37 17.14 16.97 1.1 14.27 23.02 2.3 0.47 71.86 
20.98 28.48 45.99 22.83 0 4.49 2.79 15.94 11.63 10.5 38.82 6.54 17.87 15.66 0.97 33.45 29.14 20.96 15.09 16.84 21.29 20.94 33.31 15.18 29.4 18.84 23.22 14.6 27.19 16.3 22.29 72.34 
29.67 38.67 37.14 31.54 4.49 0 12.84 23.58 20.08 17.87 31.18 0.37 8.27 23.3 3.6 26.95 34.94 12.99 22.73 24.44 28.78 28.45 40.31 22.44 38.2 26 30.72 21.85 34.65 23.92 28.46 83.76 
14.56 20.27 62.65 16.39 2.79 12.84 0 12.38 8.12 12.23 49.24 13.37 21.9 13.49 2.92 38.26 24.84 29.22 11.23 12.98 17.9 17.54 30.54 16.86 25.61 20.48 20.42 16.28 28.71 12.73 17.73 68.92 
1.25 3.86 72.2 6.59 15.94 23.58 12.38 0 1.48 1.91 58.83 25.77 24.88 0.29 13.94 35.97 28.74 37.96 1.86 0.5 1.88 1.33 45.19 1.6 7.12 4.56 2.6 2.26 11.13 1.29 8.61 83.78 
5.73 11.51 65.87 9.43 11.63 20.08 8.12 1.48 0 1.62 59.06 20.11 25.25 1.95 8.14 36.27 27.5 38.26 1.83 2.04 6.42 6.01 43.59 4.07 14.37 7.77 8.75 5.51 18.3 1.84 10.1 82.21 
6.76 12.52 63.69 10.16 10.5 17.87 12.23 1.91 1.62 0 53.68 20.94 20.72 1.41 8.97 30.92 33.59 32.68 5.96 1.97 5.39 4.98 52.07 1.12 13.41 2.34 8.98 1.35 10.85 4.42 13.34 88.82 
52.82 61.11 61.9 40.15 33.31 40.31 30.54 45.19 43.59 52.07 53.64 41.74 63.01 46.21 36.58 78.69 34.2 53.78 43.48 44.64 51.47 52.97 0 53.4 58.91 63.42 42.9 54.97 71.38 47.43 39.18 26 
66.19 72.12 4.02 69.03 38.82 31.18 49.24 58.83 59.06 53.68 0 31.8 27.71 61.9 40.81 32.08 70.9 23.56 64.01 62.7 74.39 67.75 53.64 61.45 73.52 65.43 70.76 60.59 69.97 62.39 72.22 82.62 
31.59 36.78 35.59 30.11 6.54 0.37 13.37 25.77 20.11 20.94 31.8 0 9.31 26.34 4.99 27.94 36.38 14.02 24.16 25.94 30.57 30.25 41.74 23.76 42.39 27.3 32.82 23.17 36.27 25.74 29.76 85.1 
5.52 5.59 71.57 13.37 15.18 22.44 16.86 1.6 4.07 1.12 61.45 23.76 22.14 1.82 12.84 37.59 29.44 28.79 7.1 2.35 4.32 5.64 53.4 0 8.8 1.82 9.71 0.37 6.64 5.61 15.22 90.87 
30.75 35.86 31.46 33.67 17.87 8.27 21.9 24.88 25.25 20.72 27.71 9.31 0 22.7 14.97 12.64 43.16 10.62 24.41 23.38 33.32 27.55 63.01 22.14 36.48 25.72 29.82 21.43 34.98 22.96 31.1 95.7 
9.32 1.14 75.74 17.14 29.4 38.2 25.61 7.12 14.37 13.41 73.52 42.39 36.48 8.02 27.37 41.93 32.99 44.45 13.24 9.9 8.13 9.45 58.91 8.8 0 8.95 11.84 10.03 2.42 8.52 17.38 93.65 
1.63 4.78 72 7.61 15.66 23.3 13.49 0.29 1.95 1.41 61.9 26.34 22.7 0 13.5 35.3 26.98 37.29 2.08 0.56 2.33 1.78 46.21 1.82 8.02 3.99 3.7 2.21 12.02 1.6 9.69 84.72 
20.13 24.98 48 19.24 0.97 3.6 2.92 13.94 8.14 8.97 40.81 4.99 14.97 13.5 0 28.49 28.82 21.89 12.76 14.51 19 18.64 36.58 12.84 27.37 16.53 20.92 12.26 24.9 13.97 19.98 74.88 
9.21 5.93 75.43 16.97 18.84 26 20.48 4.56 7.77 2.34 65.43 27.3 25.72 3.99 16.53 41.79 32.85 32.29 11.25 5.9 8.02 9.33 63.42 1.82 8.95 0 11.06 0.61 8 6.98 16.34 92.39 
43.56 48.75 34.68 46.4 33.45 26.95 38.26 35.97 36.27 30.92 32.08 27.94 12.64 35.3 28.49 0 59.75 26.34 40.24 38.91 50.91 44.11 78.69 37.59 41.93 41.79 47.12 31.7 38.25 38.53 48.65 113.25 
24.43 33.72 81.75 16.36 29.14 34.94 24.84 28.74 27.5 33.59 70.9 36.38 43.16 26.98 28.82 59.75 0 52.44 19.54 23.58 20.48 20.86 34.2 29.44 32.99 32.85 14.96 30.03 45.32 18.52 11.84 54.04 
1.15 8.27 80.74 1.1 23.22 30.72 20.42 2.6 8.75 8.98 70.76 32.82 29.82 3.7 20.92 47.12 14.96 37.49 4.27 5.61 1.89 1.44 42.9 9.71 11.84 11.06 0 11.42 22.25 1.55 1.44 76.07 
45.54 51.63 27.4 47.15 20.96 12.99 29.22 37.96 38.26 32.68 23.56 14.02 10.62 37.29 21.89 26.34 52.44 0 30.92 29.9 39.49 34.46 53.78 28.79 44.45 32.29 37.49 28.2 43 29.5 38.96 89.22 
1.63 7.07 74.07 4.46 15.09 22.73 11.23 1.86 1.83 5.96 64.01 24.16 24.41 2.08 12.76 40.24 19.54 30.92 0 1.94 2.5 1.95 43.48 7.1 13.24 11.25 4.27 8.52 18.06 0.58 5.62 79.06 
6.95 7.02 70.7 14.27 14.6 21.85 16.28 2.26 5.51 1.35 60.59 23.17 21.43 2.21 12.26 31.7 30.03 28.2 8.52 3.62 5.75 7.07 54.97 0.37 10.03 0.61 11.42 0 7.64 7.04 16.52 92.32 
2.04 5.79 72.78 7.61 16.84 24.44 12.98 0.5 2.04 1.97 62.7 25.94 23.38 0.56 14.51 38.91 23.58 29.9 1.94 0 2.8 2.31 44.64 2.35 9.9 5.9 5.61 3.62 13.87 1.36 8.29 83.23 
0.28 4.64 82.41 3.93 21.29 28.78 17.9 1.88 6.42 5.39 74.39 30.57 33.32 2.33 19 50.91 20.48 39.49 2.5 2.8 0 1.15 51.47 4.32 8.13 8.02 1.89 5.75 14.14 0.66 6.04 79.94 
15.31 6.01 72.22 23.02 27.19 34.65 28.71 11.13 18.3 10.85 69.97 36.27 34.98 12.02 24.9 38.25 45.32 43 18.06 13.87 14.14 15.43 71.38 6.64 2.42 8 22.25 7.64 0 15.98 25.02 102 
0.33 4.24 77.75 2.6 20.94 28.45 17.54 1.33 6.01 4.98 67.75 30.25 27.55 1.78 18.64 44.11 20.86 34.46 1.95 2.31 1.15 0 52.97 5.64 9.45 9.33 1.44 7.07 15.43 0.96 3.99 81.38 
52.82 61.11 61.9 40.15 33.31 40.31 30.54 45.19 43.59 52.07 53.64 41.74 63.01 46.21 36.58 78.69 34.2 53.78 43.48 44.64 51.47 52.97 0 53.4 58.91 63.42 42.9 54.97 71.38 47.43 39.18 26 
5.52 5.59 71.57 13.37 15.18 22.44 16.86 1.6 4.07 1.12 61.45 23.76 22.14 1.82 12.84 37.59 29.44 28.79 7.1 2.35 4.32 5.64 53.4 0 8.8 1.82 9.71 0.37 6.64 5.61 15.22 90.87 
0.95 4.93 72.49 2.3 16.3 23.92 12.73 1.29 1.84 4.42 62.39 25.74 22.96 1.6 13.97 38.53 18.52 29.5 0.58 1.36 0.66 0.96 47.43 5.61 8.52 6.98 1.55 7.04 15.98 0 4.47 77.57 
9.32 1.14 75.74 17.14 29.4 38.2 25.61 7.12 14.37 13.41 73.52 42.39 36.48 8.02 27.37 41.93 32.99 44.45 13.24 9.9 8.13 9.45 58.91 8.8 0 8.95 11.84 10.03 2.42 8.52 17.38 93.65 
9.21 5.93 75.43 16.97 18.84 26 20.48 4.56 7.77 2.34 65.43 27.3 25.72 3.99 16.53 41.79 32.85 32.29 11.25 5.9 8.02 9.33 63.42 1.82 8.95 0 11.06 0.61 8 6.98 16.34 92.39 
1.15 8.27 80.74 1.1 23.22 30.72 20.42 2.6 8.75 8.98 70.76 32.82 29.82 3.7 20.92 47.12 14.96 37.49 4.27 5.61 1.89 1.44 42.9 9.71 11.84 11.06 0 11.42 22.25 1.55 1.44 76.07 
4.11 13.85 82.16 0.47 22.29 28.46 17.73 8.61 10.1 13.34 72.22 29.76 31.1 9.69 19.98 48.65 11.84 38.96 5.62 8.29 6.04 3.99 39.18 15.22 17.38 16.34 1.44 16.52 25.02 4.47 0 72.04 
6.95 7.02 70.7 14.27 14.6 21.85 16.28 2.26 5.51 1.35 60.59 23.17 21.43 2.21 12.26 31.7 30.03 28.2 8.52 3.62 5.75 7.07 54.97 0.37 10.03 0.61 11.42 0 7.64 7.04 16.52 92.32 
15.31 6.01 72.22 23.02 27.19 34.65 28.71 11.13 18.3 10.85 69.97 36.27 34.98 12.02 24.9 38.25 45.32 43 18.06 13.87 14.14 15.43 71.38 6.64 2.42 8 22.25 7.64 0 15.98 25.02 102 
81.23 89.56 88.93 71.86 72.34 83.76 68.92 83.78 82.21 88.82 82.62 85.1 95.7 84.72 74.88 113.25 54.04 89.22 79.06 83.23 79.94 81.38 26 90.87 93.65 92.39 76.07 92.32 102 77.57 72.04 0 
0.95 4.93 72.49 2.3 16.3 23.92 12.73 1.29 1.84 4.42 62.39 25.74 22.96 1.6 13.97 38.53 18.52 29.5 0.58 1.36 0.66 0.96 47.43 5.61 8.52 6.98 1.55 7.04 15.98 0 4.47 77.57 
4.11 13.85 82.16 0.47 22.29 28.46 17.73 8.61 10.1 13.34 72.22 29.76 31.1 9.69 19.98 48.65 11.84 38.96 5.62 8.29 6.04 3.99 39.18 15.22 17.38 16.34 1.44 16.52 25.02 4.47 0 72.04 
81.23 89.56 88.93 71.86 72.34 83.76 68.92 83.78 82.21 88.82 82.62 85.1 95.7 84.72 74.88 113.25 54.04 89.22 79.06 83.23 79.94 81.38 26 90.87 93.65 92.39 76.07 92.32 102 77.57 72.04 0 
Dimension>63
Bandera>13
Fitness Greedy Costo>477.01
Dimension>63
Bandera>13
Fitness Greedy Costo>477.01
Solucion Greedy Costo>20 29 18 8 0 21 0 26 3 30 0 7 13 19 9 0 1 24 28 0 23 27 25 14 0 6 4 5 11 0 16 22 32 10 0 12 17 15 2 0 31 0 0 0 0 0 0 0 0 0 0 0 0 0 0 0 0 0 0 0 0 0 0 
Linea Vacia>
Solucion Greedy Costo>20 29 18 8 0 21 0 26 3 30 0 7 13 19 9 0 1 24 28 0 23 27 25 14 0 6 4 5 11 0 16 22 32 10 0 12 17 15 2 0 31 0 0 0 0 0 0 0 0 0 0 0 0 0 0 0 0 0 0 0 0 0 0 
Linea Vacia>
Dimension>63
Bandera>13
Fitness Greedy Costo>477.01
Solucion Greedy Costo>20 29 18 8 0 21 0 26 3 30 0 7 13 19 9 0 1 24 28 0 23 27 25 14 0 6 4 5 11 0 16 22 32 10 0 12 17 15 2 0 31 0 0 0 0 0 0 0 0 0 0 0 0 0 0 0 0 0 0 0 0 0 0 
Linea Vacia>
Dimension>63
Bandera>13
Fitness Greedy Costo>477.01
Solucion Greedy Costo>20 29 18 8 0 21 0 26 3 30 0 7 13 19 9 0 1 24 28 0 23 27 25 14 0 6 4 5 11 0 16 22 32 10 0 12 17 15 2 0 31 0 0 0 0 0 0 0 0 0 0 0 0 0 0 0 0 0 0 0 0 0 0 
Linea Vacia>
Matriz de Costos>
0 4.14 76.94 6.87 20.98 29.67 14.56 1.25 5.73 6.76 66.19 31.59 30.75 1.63 20.13 43.56 24.43 45.54 1.63 2.04 0.28 0.33 52.82 5.52 9.32 9.21 1.15 6.95 15.31 0.95 4.11 81.23 
4.14 0 82.76 17.6 28.48 38.67 20.27 3.86 11.51 12.52 72.12 36.78 35.86 4.78 24.98 48.75 33.72 51.63 7.07 5.79 4.64 4.24 61.11 5.59 1.14 5.93 8.27 7.02 6.01 4.93 13.85 89.56 
Matriz de Costos>
0 4.14 76.94 6.87 20.98 29.67 14.56 1.25 5.73 6.76 66.19 31.59 30.75 1.63 20.13 43.56 24.43 45.54 1.63 2.04 0.28 0.33 52.82 5.52 9.32 9.21 1.15 6.95 15.31 0.95 4.11 81.23 
76.94 82.76 0 87.02 45.99 37.14 62.65 72.2 65.87 63.69 4.02 35.59 31.46 72 48 34.68 81.75 27.4 74.07 72.78 82.41 77.75 61.9 71.57 75.74 75.43 80.74 70.7 72.22 72.49 82.16 88.93 
4.14 0 82.76 17.6 28.48 38.67 20.27 3.86 11.51 12.52 72.12 36.78 35.86 4.78 24.98 48.75 33.72 51.63 7.07 5.79 4.64 4.24 61.11 5.59 1.14 5.93 8.27 7.02 6.01 4.93 13.85 89.56 
6.87 17.6 87.02 0 22.83 31.54 16.39 6.59 9.43 10.16 69.03 30.11 33.67 7.61 19.24 46.4 16.36 47.15 4.46 7.61 3.93 2.6 40.15 13.37 17.14 16.97 1.1 14.27 23.02 2.3 0.47 71.86 
76.94 82.76 0 87.02 45.99 37.14 62.65 72.2 65.87 63.69 4.02 35.59 31.46 72 48 34.68 81.75 27.4 74.07 72.78 82.41 77.75 61.9 71.57 75.74 75.43 80.74 70.7 72.22 72.49 82.16 88.93 
20.98 28.48 45.99 22.83 0 4.49 2.79 15.94 11.63 10.5 38.82 6.54 17.87 15.66 0.97 33.45 29.14 20.96 15.09 16.84 21.29 20.94 33.31 15.18 29.4 18.84 23.22 14.6 27.19 16.3 22.29 72.34 
6.87 17.6 87.02 0 22.83 31.54 16.39 6.59 9.43 10.16 69.03 30.11 33.67 7.61 19.24 46.4 16.36 47.15 4.46 7.61 3.93 2.6 40.15 13.37 17.14 16.97 1.1 14.27 23.02 2.3 0.47 71.86 
29.67 38.67 37.14 31.54 4.49 0 12.84 23.58 20.08 17.87 31.18 0.37 8.27 23.3 3.6 26.95 34.94 12.99 22.73 24.44 28.78 28.45 40.31 22.44 38.2 26 30.72 21.85 34.65 23.92 28.46 83.76 
20.98 28.48 45.99 22.83 0 4.49 2.79 15.94 11.63 10.5 38.82 6.54 17.87 15.66 0.97 33.45 29.14 20.96 15.09 16.84 21.29 20.94 33.31 15.18 29.4 18.84 23.22 14.6 27.19 16.3 22.29 72.34 
14.56 20.27 62.65 16.39 2.79 12.84 0 12.38 8.12 12.23 49.24 13.37 21.9 13.49 2.92 38.26 24.84 29.22 11.23 12.98 17.9 17.54 30.54 16.86 25.61 20.48 20.42 16.28 28.71 12.73 17.73 68.92 
1.25 3.86 72.2 6.59 15.94 23.58 12.38 0 1.48 1.91 58.83 25.77 24.88 0.29 13.94 35.97 28.74 37.96 1.86 0.5 1.88 1.33 45.19 1.6 7.12 4.56 2.6 2.26 11.13 1.29 8.61 83.78 
29.67 38.67 37.14 31.54 4.49 0 12.84 23.58 20.08 17.87 31.18 0.37 8.27 23.3 3.6 26.95 34.94 12.99 22.73 24.44 28.78 28.45 40.31 22.44 38.2 26 30.72 21.85 34.65 23.92 28.46 83.76 
14.56 20.27 62.65 16.39 2.79 12.84 0 12.38 8.12 12.23 49.24 13.37 21.9 13.49 2.92 38.26 24.84 29.22 11.23 12.98 17.9 17.54 30.54 16.86 25.61 20.48 20.42 16.28 28.71 12.73 17.73 68.92 
5.73 11.51 65.87 9.43 11.63 20.08 8.12 1.48 0 1.62 59.06 20.11 25.25 1.95 8.14 36.27 27.5 38.26 1.83 2.04 6.42 6.01 43.59 4.07 14.37 7.77 8.75 5.51 18.3 1.84 10.1 82.21 
6.76 12.52 63.69 10.16 10.5 17.87 12.23 1.91 1.62 0 53.68 20.94 20.72 1.41 8.97 30.92 33.59 32.68 5.96 1.97 5.39 4.98 52.07 1.12 13.41 2.34 8.98 1.35 10.85 4.42 13.34 88.82 
1.25 3.86 72.2 6.59 15.94 23.58 12.38 0 1.48 1.91 58.83 25.77 24.88 0.29 13.94 35.97 28.74 37.96 1.86 0.5 1.88 1.33 45.19 1.6 7.12 4.56 2.6 2.26 11.13 1.29 8.61 83.78 
5.73 11.51 65.87 9.43 11.63 20.08 8.12 1.48 0 1.62 59.06 20.11 25.25 1.95 8.14 36.27 27.5 38.26 1.83 2.04 6.42 6.01 43.59 4.07 14.37 7.77 8.75 5.51 18.3 1.84 10.1 82.21 
66.19 72.12 4.02 69.03 38.82 31.18 49.24 58.83 59.06 53.68 0 31.8 27.71 61.9 40.81 32.08 70.9 23.56 64.01 62.7 74.39 67.75 53.64 61.45 73.52 65.43 70.76 60.59 69.97 62.39 72.22 82.62 
6.76 12.52 63.69 10.16 10.5 17.87 12.23 1.91 1.62 0 53.68 20.94 20.72 1.41 8.97 30.92 33.59 32.68 5.96 1.97 5.39 4.98 52.07 1.12 13.41 2.34 8.98 1.35 10.85 4.42 13.34 88.82 
